0 0 p5 15 14 12 13 11 13 12 13 9 13 14 12 13 13 13 13 13 14 12 14 13 13 10
0 1 p3 12 13 11 12 15 12 15 13 13 14 15 14 15 14 15 13 13
1 2 p1 13 14 14 14 11 14 14 14 14 13 13 14 10 12 10 13 13 12 10
2 3 p4 12 12 9 12 10 12 12 12 12 12 9 14 11 12 13 12 12 14 13
3 4 p4 11 14 14 12 13 14 9 12 11 12 14 12 14
3 5 p2 12 14 12 14 11 13 10 13 15 14 10 13 12 12 10 14 12
4 6 p5 13 13 10 13 15 13 11 13 11 12 11 13 9
4 7 p4 15 13 14 13 15 14 14 14 13 13 12 13 12 13 14
5 8 p3 9 14 12 12 12 13 9 14 12 12 15 14 9
6 9 p3 12 13 15 14 13 13 12 14 11 12 10 14 9 12 9 12 15 12 9 14 11 13 13
6 10 p3 15 14 14 12 14 13 15 13 12 14 15 14 10 13 13 12 12 12 15
6 11 p2 15 13 15 12 10 14 10 14 14 13 12 14 12 13 10
7 12 p2 13 14 14 13 10 13 13 13 13 12 12 14 9 14 13
8 13 p4 13 12 12 13 11 12 10 14 11 14 14 13 15 13 14 13 11
8 14 p4 13 14 9 12 14 12 11 14 12 12 15 14 13 14 14 14 13 12 13
9 15 p2 13 13 11 12 15 12 11 14 10 13 11 13 10
9 16 p5 11 13 15 13 10 14 11 13 13 14 11 14 13 12 9 14 12
10 17 p4 10 13 15 14 10 14 14 14 15 12 13 13 14 13 13 12 14 13 15
10 18 p1 15 13 12 14 15 12 9 12 15 13 11 12 9 14 9
11 19 p5 13 12 11 12 11 12 13 13 10 13 10 13 13 12 11 14 15 14 15
12 20 p1 12 13 9 14 13 12 9 14 14 14 14 14 15 14 14 13 11 13 15 12 11
12 21 p1 15 13 10 12 14 13 13 12 13 13 10 13 15
13 22 p3 10 12 13 12 14 13 12 14 14 14 15 12 11 14 12
13 23 p5 13 13 10 14 10 14 12 14 15 13 15 13 12 13 15 13 14 13 10 14 9
14 24 p2 11 14 11 14 12 14 13 12 9 13 13 14 15 12 9 13 15 13 13
15 25 p3 14 12 10 14 13 12 14 12 10 12 11 13 12 13 13 14 15
15 26 p1 15 12 15 12 11 14 12 13 12 13 13 13 11 14 11 14 14 12 11 12 11
16 27 p4 10 12 15 14 14 12 9 13 11 12 9 14 14 14 10 12 11 14 14
16 28 p2 12 13 10 14 9 12 10 12 13 12 11 12 15 13 15
16 29 p1 14 14 11 13 15 12 11 13 15 12 9 13 15
17 30 p3 10 12 11 12 12 14 9 13 10 14 9 14 12 13 14 13 14
17 31 p5 15 12 15 12 10 14 14 13 15 14 11 13 10 12 14 12 14 13 12 14 14
18 32 p5 14 12 13 12 9 12 9 12 10 13 13 13 15 13 15
18 33 p5 10 12 13 12 10 12 14 12 13 14 13 14 15 12 11 13 9
19 34 p5 13 13 10 14 15 13 9 14 12 12 14 12 9 14 15 12 13 14 14
20 35 p4 11 14 14 13 9 14 10 12 9 13 13 13 11
20 36 p3 14 13 10 12 15 13 15 12 11 13 14 14 12 13 15
21 37 p4 15 14 13 14 15 14 14 13 10 14 9 12 11 14 9 13 10
21 38 p5 12 14 12 13 10 13 13 12 15 12 15 13 9 12 10
21 39 p1 13 14 13 12 12 14 15 13 14 13 10 12 9 12 15
22 40 p4 11 12 10 14 10 12 9 14 11 13 14 14 14 14 15
22 41 p5 13 14 10 12 15 12 12 14 15 12 11 14 10 14 14 14 11 14 9 14 14
22 42 p4 11 13 11 13 11 14 11 13 14 12 11 14 11 12 13
23 43 p5 11 14 15 14 9 12 15 13 13 13 13 14 10 13 11 13 14
24 44 p1 12 12 10 12 12 13 12 13 13 13 15 12 9 14 9 13 14 13 13 13 14
24 45 p2 9 13 11 13 10 14 10 12 14 14 15 13 10 14 15
24 46 p1 13 14 10 13 9 13 9 12 9 13 13 14 13 13 9 14 10 14 10 12 11 14 13
25 47 p2 14 12 14 12 12 14 13 14 15 14 10 12 9 14 14 12 14 12 11 14 12
26 48 p1 9 13 13 13 9 12 11 12 15 12 9 13 11 13 15 12 15
27 49 p3 12 14 9 12 13 14 12 13 9 12 10 12 10 14 10 12 15 13 11
28 50 p1 14 14 14 13 13 14 12 13 13 13 11 13 13 12 10 12 12
28 51 p1 12 12 13 13 11 13 9 14 10 13 14 14 10
28 52 p4 15 13 9 14 13 13 13 12 15 13 14 14 12
29 53 p5 13 12 14 13 15 13 9 12 11 13 10 14 14 13 10 14 14
29 54 p2 12 13 14 14 12 13 11 12 15 12 13 13 11 12 15 13 11 13 11 13 12
29 55 p1 15 12 14 12 15 13 14 13 12 12 12 12 10 13 11 12 11
30 56 p1 14 13 14 14 12 13 11 12 9 12 10 13 9 12 12 12 15
30 57 p2 10 13 9 13 13 14 10 13 9 14 10 13 10 12 13 14 13
30 58 p1 12 14 12 12 11 14 9 13 14 12 9 13 14 13 15 14 13 13 10 14 13
31 59 p3 11 14 15 14 10 14 12 14 13 14 9 14 15
32 60 p4 15 13 10 14 10 12 11 12 13 14 11 13 15
32 61 p3 11 13 9 13 15 14 9 14 13 14 14 14 15 12 11 12 14
32 62 p4 12 14 10 12 15 12 14 12 14 14 13 13 14 12 13 14 13 13 13
33 63 p1 11 12 12 14 9 13 14 13 10 12 12 12 11 12 10 14 10 13 10
34 64 p5 11 13 15 13 15 14 15 12 15 14 12 14 14 12 13
35 65 p4 12 14 13 12 12 12 10 12 14 13 12 13 11 14 9 13 10 13 11
36 66 p3 9 13 10 13 9 13 11 12 12 13 10 14 14 12 15 12 14 13 14 13 9
37 67 p2 13 13 13 13 12 12 10 13 9 12 10 13 12 13 15 14 11 14 11 13 9 14 14
37 68 p3 13 12 9 13 10 12 14 13 15 13 11 14 10 14 10 14 15 12 13 12 12 12 13
38 69 p1 9 12 14 13 9 12 9 12 14 12 10 14 15 12 11 14 11
38 70 p5 9 12 12 12 14 13 13 12 13 13 9 14 9 12 15 13 10 12 9 13 13
38 71 p5 11 13 12 14 9 14 11 13 13 12 14 13 13 13 9 14 10 13 15
39 72 p4 13 14 14 13 10 14 15 14 15 13 12 13 12
39 73 p3 10 14 11 13 12 14 10 13 15 12 14 12 12 13 11 12 10 13 9 14 12
39 74 p3 15 14 14 13 9 13 13 13 14 13 14 14 14
40 75 p5 9 12 10 13 13 13 15 14 13 13 11 14 12 14 14 13 13 13 11 12 13
40 76 p3 12 12 12 14 12 12 15 12 9 12 10 13 13 13 9
40 77 p1 12 12 15 14 10 12 14 14 11 12 13 14 14 14 11 13 10 14 15
41 78 p2 15 13 12 13 13 12 13 14 15 13 10 13 14
41 79 p3 11 12 14 14 12 13 10 12 12 14 9 13 10 13 10 13 10 12 10
41 80 p5 10 14 14 12 12 12 12 12 13 13 10 13 9 12 10 14 14 13 14
42 81 p2 13 12 11 13 9 12 13 12 13 14 11 14 13 14 9 14 11 14 14 14 12
42 82 p4 10 12 15 12 10 12 13 12 13 14 9 14 11 14 11 12 10 12 13
42 83 p3 11 13 15 13 12 13 12 14 12 14 9 12 15 12 12 13 15 12 9 12 14
43 84 p4 11 12 15 12 15 14 14 14 9 13 14 12 9 14 9 12 15 13 15
43 85 p2 15 14 13 12 12 13 11 12 9 13 15 13 9 13 11 14 12 14 14 12 10 12 10
43 86 p2 14 14 15 13 14 12 12 13 9 13 9 12 13 12 11 12 11 12 11
44 87 p5 10 14 11 12 15 14 12 14 15 12 11 12 14 13 10
44 88 p2 12 13 15 12 9 14 11 14 11 13 14 14 10 13 14
45 89 p2 12 12 15 14 9 13 12 13 12 14 9 14 11 14 10 14 15 14 15 12 10 14 10
45 90 p3 10 12 15 12 11 13 13 12 15 12 13 13 10 14 13
46 91 p2 13 13 11 14 14 12 11 12 15 13 15 12 9 12 10 14 15
46 92 p4 10 12 9 14 14 13 11 13 10 14 9 12 15 12 14
47 93 p1 15 14 15 14 15 13 10 12 10 12 12 13 13 13 12 12 12 13 14 12 14 12 11
48 94 p2 13 12 14 13 9 12 15 13 12 12 10 12 15
48 95 p2 14 13 14 12 14 12 9 14 14 12 11 12 15 13 9 12 15 13 10 14 15
48 96 p4 12 14 9 14 15 13 11 12 12 13 13 12 9 14 10 14 14 12 15 14 13
49 97 p5 10 12 10 12 11 14 11 14 10 12 15 12 9 13 12 13 10 12 11
49 98 p3 10 13 12 14 15 12 15 14 9 14 9 14 11 12 9 12 10 12 9
49 99 p1 9 13 13 14 10 12 14 12 15 12 9 14 12 14 14 13 11 14 9 12 11
50 100 p5 12 14 13 14 11 12 12 14 12 12 15 14 15 13 10 12 12 12 9
50 101 p3 11 12 14 13 13 12 10 13 13 12 12 12 13 12 13
50 102 p1 12 13 12 14 10 13 14 14 15 14 13 13 13 12 12 13 14 13 11 12 11 13 12
51 103 p4 14 14 11 13 15 13 13 12 9 13 11 13 11 12 9 14 9
51 104 p4 12 13 12 14 14 13 10 14 15 12 11 14 11
52 105 p2 13 14 10 14 10 14 9 14 11 14 11 13 9 13 11 13 14
53 106 p5 12 14 14 12 13 13 9 14 10 13 14 14 13 14 11 12 10
53 107 p4 15 13 13 14 9 14 13 12 10 13 14 14 15 13 14 12 12 14 15
54 108 p3 12 12 12 13 14 13 14 12 14 13 10 13 15
54 109 p3 13 13 14 14 9 13 9 14 11 12 12 13 10 12 10 12 13 14 11 13 11
55 110 p3 12 13 14 13 15 14 11 12 15 14 9 13 13
55 111 p2 13 14 9 12 9 13 10 12 14 13 11 14 11 13 10 14 11
55 112 p2 13 13 15 14 15 13 11 13 9 13 10 14 10 14 9
56 113 p4 12 12 10 12 12 12 11 13 11 14 9 12 13 14 15 14 9 12 15 14 13 13 12
56 114 p4 15 12 11 14 9 12 14 14 12 12 9 13 12 12 13 12 15 12 13 14 11
57 115 p2 15 12 13 12 9 12 15 14 13 13 14 12 13 13 13 13 11 14 9
57 116 p5 14 12 15 14 10 14 13 14 9 13 9 13 15 13 12 12 12 14 14
57 117 p4 10 13 12 12 10 13 10 12 15 13 14 14 13 13 15 13 9
58 118 p1 13 12 9 14 14 14 9 13 14 14 10 12 12 14 14 12 9 12 12 13 10 14 13
59 119 p5 12 14 12 12 12 12 13 14 14 12 9 14 11 12 9 12 9 14 10 13 12
59 120 p1 12 12 9 13 11 14 10 13 14 14 10 12 9 14 14 12 12 14 9 14 11
59 121 p1 10 12 15 13 9 13 12 14 13 13 14 12 14 13 11 14 10 13 11 13 14
60 122 p3 14 13 9 13 14 13 12 12 9 14 15 13 14 12 15 13 11 12 15 14 10
60 123 p5 13 14 12 14 13 13 11 14 15 12 14 14 10
60 124 p2 11 12 11 14 14 13 12 13 10 13 10 13 9 13 10 12 13 12 14 13 13
61 125 p3 9 12 15 14 13 12 11 12 10 14 15 13 14
61 126 p1 10 14 15 12 13 14 9 14 15 14 12 13 15
62 127 p4 14 13 14 13 13 14 9 12 14 14 9 13 9
63 128 p2 11 12 12 14 9 14 9 14 10 12 11 14 13 14 11 12 15 14 11
63 129 p1 12 12 11 12 13 12 14 14 10 14 14 14 11
64 130 p3 15 14 9 12 11 12 9 13 15 14 14 12 13 12 14 14 10
64 131 p5 11 12 14 12 13 14 10 14 9 12 15 14 11 13 13 13 14 14 13
65 132 p5 11 12 11 12 10 12 10 12 14 12 15 12 11
65 133 p5 9 14 15 14 12 14 11 12 10 14 14 13 14 14 15 12 13
66 134 p5 14 14 12 13 13 13 15 13 10 14 11 12 10 12 15 12 10 14 10 12 15 13 11
66 135 p4 12 14 15 12 12 12 11 12 10 14 15 13 15 13 11 14 12 12 14 12 9 13 15
67 136 p3 13 14 9 12 12 14 11 14 9 12 15 12 14 13 11 12 12 13 10
67 137 p4 9 14 9 13 9 12 9 13 9 12 11 14 11
68 138 p5 14 13 14 13 9 12 13 14 12 13 13 13 13 12 13 13 11
69 139 p1 12 12 12 13 10 14 15 14 15 14 14 14 14 14 14
70 140 p4 12 13 11 13 13 12 11 14 10 12 15 12 11 13 9 12 10 12 11
70 141 p5 12 14 9 12 14 12 9 13 10 13 15 12 10
71 142 p4 10 13 11 13 12 13 13 12 11 12 10 12 9 13 9
71 143 p5 15 14 13 12 14 14 11 12 11 12 13 14 11 12 11 13 10
72 144 p1 11 12 15 13 13 14 15 14 10 12 9 14 15 14 14
72 145 p2 11 12 9 13 13 12 15 12 15 13 9 12 13 12 14 12 9
72 146 p1 14 13 13 12 10 13 14 12 14 13 10 13 15 13 9 13 15 13 15 14 10 12 11
73 147 p2 10 13 15 13 10 13 13 12 14 14 13 13 12 13 12
73 148 p1 12 13 11 13 11 12 12 12 11 12 12 13 13 14 11 12 9 12 14 14 13 14 15
74 149 p3 11 14 9 14 9 14 9 12 11 13 13 13 10
74 150 p1 13 13 12 12 12 14 12 13 9 13 14 13 14 13 13 14 14 12 10
74 151 p1 10 14 12 13 14 13 13 13 15 14 10 13 9 12 10 13 12 12 11 14 9
75 152 p4 15 12 14 13 9 14 15 14 13 13 12 14 12 13 12 12 11 14 11 12 11
75 153 p5 12 14 15 13 12 12 11 13 11 13 12 12 12
75 154 p2 14 12 9 12 12 14 11 14 12 13 13 13 13 13 15 14 10
76 155 p1 14 14 13 12 9 12 11 12 10 14 9 14 11 12 13
76 156 p1 15 14 12 12 14 13 11 13 9 12 9 13 11 12 14 13 13 13 15 13 15 13 14
77 157 p2 9 12 15 13 14 13 10 13 15 14 15 13 15
77 158 p1 12 14 9 13 12 13 12 12 13 13 10 14 11 13 12
78 159 p3 10 14 11 13 12 12 12 13 11 14 14 12 12 14 15 13 11 13 15
78 160 p4 13 12 10 12 10 13 9 12 10 12 14 12 15 14 14 13 13 13 9 14 12
78 161 p3 13 12 12 13 12 14 15 13 13 14 14 13 12 12 9 14 13 12 15 13 11 14 13
79 162 p4 11 14 15 14 12 12 9 14 15 14 11 12 12
79 163 p1 13 14 10 13 15 13 13 13 12 14 12 14 15 14 9 14 11 12 9 13 11 14 10
80 164 p5 11 13 13 12 12 13 10 12 13 14 13 14 10
80 165 p4 9 12 11 12 12 14 10 12 9 12 11 14 14
80 166 p3 10 14 12 14 10 13 15 12 15 13 14 14 14 12 14 12 12 14 15 13 15
81 167 p2 9 12 12 14 11 14 14 12 12 13 11 13 13 14 15 12 12
81 168 p3 10 14 11 12 14 14 9 13 15 14 13 14 12 12 11 14 13
82 169 p1 10 13 12 14 14 12 13 12 12 14 11 13 13 12 9 13 12 12 9 12 13 12 13
82 170 p5 15 12 14 13 14 14 13 12 10 14 9 12 10 14 9 13 10 14 14 12 13 13 11
83 171 p5 10 14 11 14 15 12 9 13 14 13 13 14 13 13 15 13 13 12 11 12 14
83 172 p4 15 14 11 14 15 13 11 13 13 12 10 14 9 12 14 13 9 14 11 14 9
84 173 p3 11 13 9 14 9 14 13 13 15 14 12 12 13 13 10 13 11 14 13 13 11 14 10
85 174 p3 11 12 9 13 12 14 11 14 11 13 14 12 9 13 11 14 15 13 11 12 15 13 10
85 175 p5 11 13 14 14 9 12 10 14 12 13 10 13 13
86 176 p3 9 13 9 14 11 14 9 12 10 14 14 14 13 13 12 12 11
86 177 p1 9 12 10 14 15 14 13 13 12 13 12 13 13 12 9 14 10
87 178 p2 12 13 9 14 14 14 13 14 11 14 10 14 11 13 11 13 14
87 179 p3 11 14 13 13 13 14 14 12 9 13 13 12 13 14 12 13 15 12 13 13 9
87 180 p5 10 14 9 12 12 12 10 13 12 13 15 13 11 12 13 13 10 14 12
88 181 p2 14 13 13 13 9 13 11 14 14 13 9 13 9 12 12 12 12 12 13 13 13 12 10
88 182 p4 9 14 13 12 15 12 14 13 14 12 10 14 11 12 14 13 13 12 12 13 10 13 11
88 183 p3 15 12 12 14 12 14 11 12 11 13 10 14 14 13 11
89 184 p4 11 13 11 12 14 14 15 14 11 14 9 12 11 12 12
89 185 p2 9 12 12 12 12 12 12 13 11 12 10 12 9
90 186 p2 15 13 9 13 9 14 9 14 15 12 10 14 12 13 13 12 15 14 14 12 13 13 13
90 187 p5 14 13 13 14 12 13 9 12 10 12 10 12 9 13 15 13 10 13 13 14 11 13 14
91 188 p2 10 14 15 14 12 14 10 12 10 12 11 12 13 12 14 12 15 14 12
92 189 p2 13 12 12 13 11 12 15 12 11 12 11 12 11 14 10
93 190 p3 11 14 13 14 15 12 12 13 15 13 10 13 13 14 15 12 14 13 14 14 10 12 10
94 191 p2 13 12 15 12 9 13 13 13 15 12 12 12 12 12 13 13 11 12 12
95 192 p4 14 13 13 13 9 13 15 12 10 12 12 13 13
95 193 p1 9 13 13 14 13 13 9 14 15 12 13 12 12 12 9 13 11 13 11 14 10 12 13
96 194 p2 12 13 10 12 14 12 9 12 10 12 12 13 12 14 11 12 13 13 15 12 9 12 15
97 195 p2 13 14 15 13 15 13 13 12 9 14 14 12 15 14 13 14 13 12 14 12 9 12 13
98 196 p4 9 13 15 12 11 12 13 13 14 14 11 12 11 12 13
98 197 p5 15 13 9 12 15 14 11 13 11 14 14 13 9 12 15 14 14 14 15 14 12
99 198 p3 9 12 14 12 9 14 10 14 15 14 14 12 15 13 11 12 10 14 14
100 199 p1 14 12 11 13 15 13 9 12 15 13 12 14 13 14 14 12 11 13 9 12 12 12 14
101 200 p5 13 12 12 14 10 12 9 14 12 12 10 14 11 14 9 12 9 13 13 12 13 12 15
101 201 p3 10 13 10 13 9 13 10 14 11 12 9 12 11 13 11 12 11
101 202 p1 13 14 9 12 9 13 12 14 11 12 10 12 10 13 9 14 14 13 15 12 9 12 13
102 203 p4 10 14 14 12 11 12 11 14 11 12 9 13 13 12 15 12 14 14 11
102 204 p4 15 13 14 14 13 13 14 12 9 12 15 12 15 12 14 14 13 12 12 12 13
102 205 p2 13 12 11 14 13 13 11 14 15 14 10 13 9
103 206 p5 15 13 11 14 10 12 10 12 14 14 15 14 14 14 14 12 13 12 9 13 10
103 207 p4 11 14 14 14 13 12 12 13 15 12 10 12 14
103 208 p3 12 14 9 13 12 13 14 13 14 12 11 12 14 13 13 12 11 12 9 13 14
104 209 p3 14 13 15 14 15 13 9 13 10 12 13 13 12 13 10 14 12 12 12 12 14
104 210 p3 12 14 9 14 13 14 13 14 13 14 10 14 12 14 9 12 13
105 211 p2 15 13 15 14 13 13 15 12 9 14 15 13 11 13 14
106 212 p2 12 12 11 12 13 14 15 14 9 12 13 12 11 13 13 12 13 12 14 13 14
106 213 p4 12 14 9 14 10 13 10 12 10 14 15 12 11 14 13 14 14 13 12
106 214 p4 10 13 15 12 12 13 11 14 11 14 13 12 15 13 11 14 14 13 10 12 13 12 11
107 215 p2 12 14 15 14 9 13 9 14 15 14 11 13 13 14 14 13 14 14 9 13 10
107 216 p5 13 12 10 13 13 14 14 12 15 14 11 13 12
107 217 p4 15 12 15 12 9 12 9 13 11 14 9 13 9 13 15
108 218 p1 15 12 12 12 9 13 12 12 13 14 10 12 9 12 13 13 11 14 10 12 15
108 219 p5 9 14 13 14 9 12 14 14 14 13 15 13 9 12 9 14 10 12 11 13 9 13 12
109 220 p1 9 12 14 12 10 14 9 14 15 14 10 14 9 14 9 14 11 14 10
109 221 p1 9 13 10 13 10 14 11 13 15 14 10 14 11
110 222 p3 15 14 10 14 11 13 9 13 14 13 9 14 11 13 15 12 9
110 223 p5 9 12 9 12 12 14 10 13 15 12 10 12 9 13 14
110 224 p2 15 14 11 12 12 12 13 12 13 13 13 13 13 12 11 14 11 14 15
111 225 p3 15 14 15 14 10 12 15 14 15 13 14 13 15 13 9 12 10
111 226 p1 11 12 14 14 13 12 15 14 15 13 15 13 9 13 12 13 11 14 13
112 227 p4 10 13 12 13 14 12 14 14 11 12 10 14 15
112 228 p2 13 12 15 12 11 13 15 14 15 12 9 14 12 12 13 12 12 14 14
113 229 p1 11 12 9 12 11 13 13 13 12 13 9 14 11 12 13 12 14 13 11 13 10 13 12
113 230 p3 10 12 12 13 10 14 15 14 14 13 13 12 15 13 9 12 9
113 231 p5 13 13 9 12 13 14 11 13 15 12 13 13 12 12 10 12 14 13 9
114 232 p5 11 13 11 14 14 12 10 14 11 13 14 14 9
114 233 p5 11 14 13 14 15 13 13 13 10 13 14 14 10
115 234 p5 11 12 11 13 10 13 10 12 13 14 15 14 13
116 235 p4 15 14 9 12 15 14 9 13 11 14 12 12 12 13 10 14 10 13 10 14 11 14 10
116 236 p3 13 13 9 14 13 13 9 14 14 13 10 13 10 12 14
116 237 p4 11 12 14 12 10 12 11 14 14 12 14 13 12 14 14 14 15
117 238 p5 14 12 12 12 14 14 14 13 12 12 9 14 9 13 9
117 239 p1 10 14 12 12 11 14 15 13 10 12 15 13 14 14 12 14 14 14 11 14 15 14 10
118 240 p4 13 13 11 14 11 12 11 14 13 13 10 12 10
119 241 p5 11 13 10 13 11 13 14 14 10 12 11 13 12 13 14 13 9 13 10 13 15
119 242 p4 11 13 9 13 12 13 14 13 14 13 14 14 12 14 15
120 243 p5 9 12 12 12 15 12 15 14 12 13 14 14 10 12 15 13 9 13 15 12 13
120 244 p1 11 14 14 13 11 13 10 14 10 12 11 13 10 13 14 14 15 13 15 13 12 12 10
121 245 p2 9 13 12 13 13 13 10 14 14 13 9 12 9 14 10 14 14 12 10
121 246 p1 10 12 14 14 9 12 13 12 13 13 11 14 12
121 247 p2 11 14 11 14 12 14 14 14 10 13 14 14 11 14 10
122 248 p1 11 14 13 13 14 14 15 14 13 12 12 13 13 14 14 14 13
122 249 p3 10 13 15 14 9 14 11 14 14 14 9 13 15 14 11
122 250 p1 9 14 9 12 15 14 12 14 14 12 15 14 9 13 10 14 10
123 251 p1 15 14 10 12 11 14 12 12 10 14 14 14 15 14 9 13 15 14 11 12 10
124 252 p4 9 12 12 13 9 13 13 12 15 13 15 13 12 12 9
124 253 p5 9 14 9 13 15 12 12 12 12 14 13 12 10
124 254 p2 14 13 13 12 12 14 11 12 11 13 13 13 14 14 15 14 10 13 9 14 13 12 10
125 255 p1 12 13 15 14 13 13 10 12 15 13 13 13 15 12 11 14 14 14 9 12 12 12 10
126 256 p1 9 14 15 14 10 14 10 14 11 14 15 13 14
126 257 p2 9 14 12 12 14 13 15 13 12 13 12 13 12 14 15 13 11 12 11 12 10
127 258 p1 14 13 15 12 13 13 12 13 15 14 9 13 10
127 259 p3 15 14 11 12 13 14 15 13 12 12 12 13 10 12 9 13 9 14 10 13 15
128 260 p4 11 13 15 14 14 12 13 14 15 13 9 13 15 13 13 13 10 12 10 12 13 12 14
128 261 p3 13 13 10 14 15 13 9 13 12 12 15 14 9 12 11 14 12
129 262 p4 10 14 10 13 11 13 15 13 11 13 9 13 9
130 263 p1 10 14 13 12 14 12 15 12 13 14 10 12 15 14 13 12 13 13 15 14 9
130 264 p5 13 14 14 13 14 13 15 14 11 13 13 14 14 12 13 12 11 13 14
131 265 p4 10 13 10 14 9 14 10 14 10 13 13 13 10 12 11
131 266 p3 11 13 13 14 11 12 15 13 9 12 11 14 11 14 11 12 14 12 9 12 15
131 267 p2 11 14 11 13 13 13 12 13 10 14 14 12 9
132 268 p3 15 12 13 12 14 14 15 12 15 13 10 13 11 14 12 14 9 13 11 12 13
133 269 p1 10 12 11 12 13 14 10 13 10 12 9 13 9
134 270 p5 15 12 12 12 11 12 10 14 12 14 12 12 11
134 271 p5 12 14 14 14 11 13 10 14 12 14 13 14 12 13 11 13 13 14 11 12 12 13 13
134 272 p4 10 13 11 12 13 12 10 14 15 13 13 14 12 12 11 14 11
135 273 p3 13 13 12 12 11 12 15 12 10 13 10 13 11 14 14
135 274 p3 11 13 10 14 9 13 10 13 12 13 12 12 11 14 14 14 11
135 275 p5 10 14 13 14 14 13 13 13 9 13 9 13 12 14 13
136 276 p3 13 13 11 13 10 14 14 14 13 13 11 14 14
137 277 p1 11 13 9 12 10 14 15 12 10 13 13 14 9 12 13
138 278 p2 15 14 12 12 14 12 14 14 12 12 15 13 13
138 279 p3 13 12 10 13 14 12 9 14 9 13 9 14 14 13 13 14 14 12 10 12 12
139 280 p5 9 14 14 14 13 14 15 12 12 13 14 13 13 14 12
139 281 p2 13 12 10 13 9 13 13 13 10 14 11 14 11 12 13 14 12 12 11 14 9
139 282 p4 12 13 10 13 9 14 11 13 12 13 15 12 10 14 11
140 283 p3 9 13 15 12 15 13 12 14 10 12 14 14 15 14 13 12 15
140 284 p4 15 14 15 13 9 14 9 14 12 14 14 12 15 12 13 13 10 12 9
141 285 p2 11 14 12 14 11 13 14 14 12 13 15 14 14
141 286 p2 10 13 15 14 9 14 14 13 12 12 11 12 15 13 13 13 10 14 10 14 13 13 11
141 287 p5 12 14 15 14 10 12 9 14 10 14 9 12 12 12 13 12 10 12 13 13 15 14 10
142 288 p2 11 13 12 14 10 14 10 14 14 14 12 12 9 13 11
143 289 p2 10 13 12 12 13 14 12 12 13 12 12 14 9 13 14 14 15 12 9 13 10 14 14
143 290 p3 10 14 13 12 12 13 15 14 10 12 12 12 13 13 12 12 12
143 291 p2 10 14 14 13 12 12 14 14 12 12 15 12 13 13 14 12 14 12 11 12 15 13 13
144 292 p4 15 14 11 13 14 12 12 14 9 12 12 13 9
144 293 p1 10 14 14 12 11 12 10 14 13 14 11 14 15 14 11 14 13 12 12 14 13 12 14
145 294 p2 11 13 11 13 15 14 10 13 11 13 9 14 15 12 13 12 15 12 9 14 15
145 295 p2 9 13 14 14 10 14 15 12 13 14 14 13 13
145 296 p4 10 12 12 13 14 12 11 12 13 13 14 14 15 14 12 12 12 14 15
146 297 p5 12 12 12 14 13 13 9 14 15 12 10 13 13 13 15
146 298 p3 12 14 11 12 13 13 12 14 12 14 11 14 12 14 12 14 10
146 299 p1 13 14 15 14 15 12 15 14 11 13 15 12 10 12 10 14 13 14 10 13 14
147 300 p5 13 13 14 13 14 14 13 14 11 12 11 13 11 12 14 12 15 13 12 13 11 13 14
147 301 p3 15 14 15 12 12 14 13 14 10 12 13 14 12 13 11 12 10 12 13
148 302 p1 12 13 11 14 15 14 11 12 14 14 12 12 10 13 9
148 303 p4 12 13 15 13 11 13 14 12 12 14 15 12 13
149 304 p4 9 12 15 12 11 14 13 12 9 14 14 14 13 13 13 14 11 13 14 12 14 14 13
150 305 p2 12 14 12 12 10 14 11 13 10 13 9 14 10 13 9
150 306 p5 9 14 15 14 11 13 14 14 15 12 13 12 11 14 10 12 10 14 9 13 10
150 307 p4 14 13 13 14 9 14 9 14 13 14 15 14 12 13 11 12 14 12 9 12 10
151 308 p3 13 12 10 14 12 14 15 13 10 12 10 13 12 13 15 13 14 14 9
152 309 p3 14 13 12 12 15 13 11 12 10 13 15 14 13 13 10 12 9 14 11 13 9
152 310 p3 14 12 12 14 14 13 15 14 10 13 12 13 14 12 12 14 14 12 14
152 311 p2 12 12 15 14 15 14 10 14 14 12 12 13 15 14 10 14 12 14 15 13 15 13 15
153 312 p2 10 13 9 14 12 12 15 13 14 12 9 14 12 12 13
153 313 p4 14 12 13 14 12 14 9 12 13 12 9 14 9 14 10
154 314 p4 10 12 13 14 14 12 14 12 12 13 10 14 13
154 315 p2 14 14 9 14 12 12 10 14 11 13 9 13 14
154 316 p5 12 14 14 13 10 14 13 12 14 13 10 14 15 14 15 14 13 13 13 13 10
155 317 p4 11 13 10 14 15 12 15 12 11 13 10 14 11 14 13 13 15 12 9
155 318 p1 10 13 9 12 15 14 10 12 13 12 12 13 14 13 9 13 15 12 14 12 13
156 319 p5 13 12 13 14 11 12 11 14 12 12 10 12 12
156 320 p1 10 13 14 14 9 12 10 14 13 13 12 13 11 13 11 14 14 12 15
157 321 p1 12 12 13 14 9 14 9 14 11 14 14 14 9 12 11 12 13 14 13 14 10 13 12
157 322 p3 11 12 10 13 15 14 9 14 12 14 13 13 9 12 10 12 13 12 10 14 11 14 14
158 323 p5 14 12 14 12 13 13 10 14 10 12 10 14 10 13 15
158 324 p2 14 12 11 14 9 12 9 13 11 12 15 12 10 13 14 12 11 14 10
158 325 p3 12 12 11 13 11 14 11 14 10 14 11 13 11 13 11 14 11
159 326 p1 9 12 14 14 13 14 15 13 9 13 15 14 9 12 15 12 9 14 13
159 327 p4 14 14 10 12 13 14 11 13 13 14 10 12 13 14 9 14 11 13 10 13 14 14 12
160 328 p2 9 12 11 14 12 12 11 14 14 14 9 13 14
160 329 p1 9 13 12 14 11 13 14 12 12 13 14 13 12 13 12 12 11 14 15 13 12
161 330 p3 12 12 11 14 15 12 9 12 10 12 14 14 10
162 331 p5 13 14 14 13 14 12 11 14 11 12 10 14 10 14 15 13 9 13 14 14 10 14 12
162 332 p5 13 13 9 14 11 12 11 12 14 13 10 14 9 12 14 12 14 13 11 13 10
162 333 p5 9 13 13 13 15 12 14 12 15 12 9 12 12 14 14 12 13 12 12 13 11 13 15
163 334 p5 14 13 10 14 14 12 14 13 13 12 9 14 10
163 335 p4 10 13 9 14 9 14 14 14 12 14 10 13 12 13 10 13 12 14 12 12 14
164 336 p3 12 13 14 14 15 13 10 14 11 12 9 14 14 13 13 13 11 12 13
165 337 p4 11 14 12 12 10 14 13 12 11 13 12 12 10
166 338 p5 14 14 10 12 12 13 14 12 12 14 15 12 14 12 13 14 10 13 9 12 15 12 12
167 339 p1 14 14 14 14 12 13 10 14 13 12 11 12 14 13 15
167 340 p4 15 13 11 13 15 13 9 12 15 14 12 14 9 12 15 12 11
167 341 p5 11 13 15 12 15 13 10 13 14 14 15 14 10 12 13
168 342 p4 14 12 12 12 14 14 9 14 14 13 15 14 9 13 14 13 15 14 15
168 343 p5 10 13 14 13 14 13 14 14 14 14 14 14 13 14 15 14 13 12 10 13 9 12 15
169 344 p1 14 12 15 14 9 12 13 13 14 14 15 12 10 13 14 14 11
169 345 p2 12 12 10 12 13 12 10 13 9 14 13 12 10
170 346 p1 14 12 9 12 12 13 10 14 10 14 15 13 13 14 12 14 9 14 9
170 347 p2 11 13 15 14 12 14 12 12 13 13 14 12 13
171 348 p1 11 14 15 14 12 13 9 13 15 14 13 12 11 12 14 14 10 12 11 14 9
171 349 p3 11 13 11 13 14 13 14 14 11 12 13 14 12 14 11 12 13 12 10 12 12
172 350 p1 14 12 10 14 11 12 14 12 13 14 13 12 9 13 11 13 9 12 9 14 13
172 351 p1 10 14 14 13 10 14 15 14 14 12 11 13 9
173 352 p4 9 13 15 14 12 12 10 13 9 12 15 13 11 12 14 12 12 12 15 13 15 14 11
174 353 p5 9 14 15 13 9 12 15 13 13 13 12 13 12 14 9 13 9 12 15 12 10
174 354 p2 11 12 15 13 13 14 11 12 9 12 15 14 11 13 10 14 9 14 10 14 9
175 355 p1 9 14 13 14 14 14 12 14 10 12 14 12 12 12 13 13 13
175 356 p1 9 13 15 12 9 13 10 14 9 13 14 12 10 12 9 14 9 14 13
175 357 p2 14 14 15 13 12 12 10 14 9 12 9 13 10 14 15 12 9
176 358 p1 10 13 14 13 9 14 10 13 10 12 11 12 14
176 359 p3 12 14 9 13 12 14 14 14 15 12 15 12 13 13 13 14 9 13 14 12 9 13 11
177 360 p4 9 13 10 13 11 14 9 14 14 12 11 13 9 12 15
178 361 p3 14 12 10 13 12 12 11 12 15 12 10 12 12 13 9
178 362 p4 11 13 9 12 14 14 9 12 10 12 11 12 10 12 11 12 14 13 12 13 15
178 363 p1 15 12 9 14 15 13 11 14 11 13 12 13 9 12 11 14 15
179 364 p5 12 12 15 13 9 13 10 13 9 13 12 12 15
180 365 p4 10 13 10 12 15 12 9 14 9 14 15 12 11 14 13 14 15 14 9
180 366 p3 10 12 10 14 9 14 11 13 10 12 15 13 14 14 11 14 14 12 11 13 12
180 367 p2 15 13 13 13 10 13 14 13 12 12 10 14 12 13 10 12 12 12 15 12 10
181 368 p3 10 13 14 14 10 13 12 13 15 14 12 13 11 12 10 13 13 12 11
182 369 p1 9 14 11 13 11 13 13 13 9 12 12 14 9 12 9 13 11 13 14 14 9
182 370 p5 10 14 9 12 15 12 14 12 14 12 14 12 14 14 14 14 15 13 14 14 11
183 371 p5 10 12 13 12 12 13 12 12 11 14 14 14 9 13 15
184 372 p4 9 13 9 12 13 12 9 14 14 13 10 14 13 13 15 12 12 13 13 14 13
184 373 p3 10 14 14 13 11 14 10 12 11 12 13 14 11 12 14 14 9 13 11 12 13
184 374 p3 13 14 11 12 12 12 12 14 14 12 14 13 9 12 10 14 10 13 14 12 15 12 9
185 375 p5 9 13 14 14 14 13 10 12 14 14 15 14 9
185 376 p3 10 14 13 13 10 13 13 13 13 13 14 12 14 12 14 12 15
186 377 p1 10 13 14 13 12 14 13 12 11 13 9 13 13 14 9 13 15 13 15 14 10 13 9
187 378 p2 10 14 15 14 15 13 10 13 14 14 12 12 10 14 13 14 11 13 9
187 379 p3 15 13 13 14 9 12 13 13 9 12 14 14 15 12 10 14 9
188 380 p5 11 13 15 13 13 13 9 13 15 14 15 12 14 13 15
188 381 p2 14 12 14 12 9 13 15 14 12 13 12 14 10 12 10 12 12
189 382 p4 13 12 12 13 12 13 13 13 13 13 12 12 11 14 14 14 13 12 11 12 9 12 13
190 383 p3 12 13 13 13 12 13 9 12 14 13 9 14 9 13 14 14 12
190 384 p4 9 13 14 12 14 14 12 12 13 13 10 13 13 14 11 12 9 14 14
190 385 p2 14 14 12 13 15 13 12 13 13 12 14 14 10
191 386 p2 11 14 12 12 9 12 14 12 14 13 15 12 14 12 13 13 13 12 10
192 387 p5 13 12 9 12 13 12 12 13 15 14 12 14 9 13 11
192 388 p2 15 14 12 12 15 13 9 13 14 13 10 12 10 12 13
192 389 p2 15 14 13 13 11 12 15 12 10 12 9 13 13 13 12
193 390 p3 13 12 15 13 15 14 9 12 9 13 12 13 11 13 15 12 14
193 391 p2 12 13 10 12 10 14 10 14 11 14 9 12 15 13 15 13 11 12 15
193 392 p4 14 14 12 14 12 14 15 13 9 12 15 13 14 12 12 13 14
194 393 p1 10 14 15 12 15 12 9 12 10 13 11 14 10 13 13
194 394 p2 11 13 10 13 13 14 11 13 11 13 10 14 12 14 10 12 15 14 13 12 13
195 395 p2 11 12 11 14 11 13 12 12 13 13 10 12 13 13 9
195 396 p4 10 14 12 14 9 14 12 13 9 12 13 13 10 13 11 13 12 13 11
195 397 p5 13 13 15 12 14 12 13 14 9 12 11 14 13 13 14 12 12 12 15
196 398 p3 11 12 12 14 13 14 11 12 9 12 10 12 10 13 9 13 11 13 14 12 10
196 399 p1 10 14 13 14 14 13 11 13 14 12 12 14 13 13 9 13 13 14 13 14 12
197 400 p5 10 12 14 13 10 12 14 13 14 12 11 12 11 14 15
198 401 p3 12 12 13 12 12 13 14 14 11 14 11 12 12 14 9 14 14
198 402 p1 14 12 13 13 15 13 13 14 11 13 14 13 10
199 403 p4 12 12 11 14 12 13 9 14 15 12 12 14 12
199 404 p4 13 13 12 12 15 14 12 14 11 13 15 14 15 12 11 13 11 12 13 12 14 13 15
200 405 p2 11 13 10 13 10 12 13 14 10 12 14 12 9 12 11 13 11 12 11 13 11
200 406 p5 12 13 10 13 15 13 12 12 14 14 11 14 9 14 15 12 12 12 14
201 407 p4 13 14 13 13 11 12 11 14 11 12 10 14 13 13 15 14 14
201 408 p3 14 12 15 13 9 13 10 14 13 13 15 12 9 14 11 14 15 12 11 12 14 12 14
201 409 p3 9 12 15 13 15 14 14 13 13 14 13 14 14 14 10 12 10 12 15 13 13 12 9
202 410 p3 13 14 12 14 10 12 13 12 10 12 13 13 14
202 411 p2 12 12 11 14 14 14 15 12 15 14 14 12 14 12 13 14 15 12 15
202 412 p2 14 13 11 12 14 13 13 14 10 14 11 14 13 14 11 12 9 14 13 13 10 12 13
203 413 p4 13 12 9 14 12 12 14 14 13 12 12 14 15
204 414 p4 15 12 12 13 10 13 10 13 12 12 11 12 13 12 14 14 13 12 11 13 13 12 13
204 415 p2 12 14 11 12 10 12 15 14 13 13 11 12 14 14 14 12 15 13 11 14 14
205 416 p5 11 14 13 13 14 12 12 12 15 12 15 14 12
205 417 p4 10 13 10 14 15 12 14 14 10 12 12 13 10 12 14 14 10 13 13 13 14 14 9
205 418 p1 14 13 13 14 14 14 12 14 12 12 15 12 12 14 13 12 14
206 419 p5 13 14 14 12 15 12 14 12 11 12 10 12 14 14 14
207 420 p1 15 13 12 12 10 12 15 12 14 14 9 13 10
207 421 p1 12 13 12 12 14 13 10 12 10 13 10 14 10 14 14 14 12 14 14 14 14
207 422 p3 15 14 12 12 13 14 15 13 15 14 9 12 14 14 15
208 423 p5 15 14 9 14 15 14 13 12 15 13 14 14 10 14 12 14 15 14 12 12 13
208 424 p2 12 13 10 12 14 14 11 14 12 12 15 14 15 12 14
208 425 p3 15 14 11 14 10 13 11 12 15 12 13 12 15 12 14
209 426 p1 11 12 10 14 9 12 12 13 13 14 11 14 13
210 427 p4 12 14 9 13 10 13 15 13 14 12 13 14 13
211 428 p2 10 13 9 14 14 13 10 12 10 12 15 13 14 13 11 14 14 13 9 12 11
211 429 p1 15 12 14 14 10 14 11 13 10 12 13 13 13 14 10 12 12 14 14 13 10
211 430 p3 10 13 12 13 9 13 15 14 15 12 13 12 11 13 12 14 14 13 13
212 431 p5 11 13 15 13 12 13 11 14 13 13 11 12 10 13 9 12 14 13 10
212 432 p5 14 13 10 13 12 12 10 12 9 13 11 14 14 14 11 14 15 14 14 14 11
212 433 p5 11 13 13 13 11 13 10 13 9 13 9 14 12 14 15 14 12 13 12 14 12 13 14
213 434 p5 15 13 10 12 15 14 13 13 11 14 11 12 10 14 9 14 13 14 13 13 10
213 435 p4 13 14 15 12 9 13 12 12 13 13 14 12 11
213 436 p3 11 14 10 12 10 14 10 14 15 14 12 12 15 12 15 12 14 12 9 13 15 14 15
214 437 p4 9 14 15 12 11 14 13 13 15 13 13 14 12 13 14 12 9 12 14 14 13
214 438 p5 9 13 12 13 9 14 11 13 15 14 13 13 15 14 9 13 11 13 10
214 439 p1 14 14 10 13 11 13 12 12 11 13 15 12 14 14 15 13 15 13 12 12 12 14 12
215 440 p4 14 12 10 14 13 12 14 12 10 14 11 13 9 13 10 13 9
216 441 p5 9 12 15 12 11 12 11 13 14 13 12 13 13 12 15 14 14 12 10
216 442 p4 13 14 15 14 11 14 13 14 11 14 11 14 10 13 15 14 15 12 12 12 12 13 10
216 443 p5 12 13 14 14 12 13 9 12 15 12 12 13 13 13 9 12 11 13 10 14 9
217 444 p1 10 14 12 13 13 12 12 13 10 14 12 12 10 12 13 13 13 13 11 14 13 14 12
217 445 p2 13 13 15 13 10 13 13 13 11 13 15 13 11
218 446 p1 12 14 15 12 11 12 9 13 13 13 9 12 12 13 11 12 14 13 15 12 10
218 447 p2 13 14 15 12 15 13 11 13 15 14 9 13 14 12 10
219 448 p1 13 14 9 13 15 12 13 12 10 13 14 13 9 12 14 14 11
220 449 p3 13 12 12 14 13 14 14 14 13 14 13 12 14 13 15 12 9 12 10 14 14 13 11
220 450 p1 10 12 11 14 15 13 12 12 11 14 13 12 15 12 15
220 451 p1 11 14 10 14 15 14 11 12 11 13 9 13 9 13 14 14 11 12 14 14 14 12 10
221 452 p4 12 12 10 12 12 13 10 13 12 13 9 14 11 12 11 14 13 13 14 12 10
221 453 p5 11 14 13 12 10 14 13 13 12 13 13 14 13 13 13 14 10
222 454 p2 10 13 9 12 13 12 11 13 9 14 15 12 9 12 14 12 15 12 9 12 11
222 455 p1 15 12 12 12 12 14 12 12 11 14 12 12 14 12 13 12 9 12 10 14 10
222 456 p1 15 12 11 14 13 12 10 12 14 13 13 13 10 13 10
223 457 p2 14 14 11 14 15 13 10 13 15 13 12 13 15
223 458 p1 13 13 10 14 9 13 10 14 12 12 13 14 10 12 13 13 12 12 13 12 10 14 10
223 459 p3 12 13 10 12 13 14 12 12 11 14 11 12 9 12 15 14 12 13 15
224 460 p4 11 14 15 13 14 13 9 12 10 12 11 14 15 14 14 13 12 12 12 13 11 12 14
224 461 p3 9 12 14 13 15 14 15 14 12 12 9 13 10 14 9
224 462 p4 15 12 14 13 10 14 11 13 11 13 15 12 9 14 15 12 9 12 9 12 14
225 463 p1 14 13 13 12 12 14 14 13 14 14 10 12 15
225 464 p5 14 12 12 12 14 12 11 12 13 13 13 12 11
225 465 p4 14 13 14 14 13 12 15 13 11 13 12 14 9
226 466 p3 14 13 10 14 13 13 11 12 10 14 11 12 10
226 467 p2 12 13 15 13 13 13 15 12 10 12 12 12 13 14 13 12 15 13 14
226 468 p3 11 13 13 13 12 12 10 13 10 14 9 12 12 12 9 12 13
227 469 p1 12 14 13 12 9 14 13 13 13 13 12 14 15
227 470 p5 10 14 13 12 15 13 11 12 10 12 12 14 9
227 471 p5 12 12 12 13 10 13 12 14 12 13 15 14 11 12 11 13 10 13 10 12 13 12 14
228 472 p4 10 14 12 14 14 12 10 13 15 12 13 13 10 13 13
228 473 p3 11 13 9 14 12 13 15 13 12 12 11 12 9 12 14
228 474 p3 9 12 13 13 11 14 9 14 11 13 13 13 12 14 9 14 13 14 15 12 10
229 475 p5 15 12 11 12 9 13 9 14 12 12 13 14 10 12 12 12 13 12 15 12 15 14 11
229 476 p3 11 13 11 14 9 12 9 13 14 12 9 14 10 13 15
229 477 p1 11 12 9 14 13 12 13 13 13 14 14 12 10 12 13
230 478 p2 15 14 11 13 10 14 15 14 10 14 9 12 15
231 479 p3 13 14 13 12 11 12 15 12 15 12 9 12 12 12 12 13 15 14 10 12 13 12 15
232 480 p5 10 12 11 14 12 13 9 12 9 13 9 13 15 12 9
232 481 p2 9 12 15 12 9 14 13 13 15 13 15 13 13 13 10
232 482 p4 11 12 10 14 11 14 9 14 13 14 14 12 12 13 10 14 9 13 11
233 483 p3 9 14 12 13 13 14 10 14 10 13 13 14 9 14 11
234 484 p4 11 13 15 13 9 13 11 13 12 13 13 14 9 12 11 13 14 14 11 14 14 12 9
234 485 p2 15 14 11 13 15 12 14 12 13 12 9 14 11 12 13
235 486 p2 15 14 12 14 11 13 11 13 12 12 14 14 15 14 11 13 15 14 14
235 487 p5 10 12 15 12 14 14 13 14 9 13 15 14 15 13 9 14 9
235 488 p2 10 13 15 12 13 14 12 13 9 12 11 12 10 13 10 12 14 13 15 13 9 12 15
236 489 p2 15 14 10 13 11 14 9 14 9 14 15 14 12 13 13 14 13 14 15 13 12 12 15
237 490 p3 13 12 15 13 10 12 14 12 13 13 14 14 13 12 13 13 13
238 491 p2 13 14 9 12 10 12 15 12 12 12 13 13 10 14 14 14 10 12 11 12 11 13 15
239 492 p4 11 14 11 12 10 12 10 13 10 13 11 12 15 13 12 14 14 14 10 14 10 12 9
240 493 p1 15 13 10 12 9 12 11 14 13 14 15 14 10 14 12
241 494 p2 14 13 10 13 14 14 14 13 9 13 13 14 14
242 495 p2 14 14 14 14 14 12 13 14 15 13 9 14 14
242 496 p4 15 14 9 14 14 14 13 12 13 14 10 12 15 13 14 13 11 14 12 14 13 12 14
242 497 p5 9 14 15 14 11 14 11 12 10 12 14 12 15 13 15
243 498 p3 11 14 14 14 15 13 11 14 15 12 10 12 10 14 10 14 12
243 499 p1 11 13 10 14 10 14 10 12 9 12 9 14 14 13 12 12 10 12 12 14 15
244 500 p5 9 14 13 12 11 13 15 12 9 12 12 14 14 13 14 13 11 14 10 13 11 13 11
244 501 p3 15 13 10 13 12 14 15 14 9 12 14 14 9
245 502 p1 11 14 14 13 13 12 12 14 11 13 9 14 12
245 503 p4 10 14 15 14 11 12 14 12 12 12 14 13 9 12 13 13 9 13 11 13 10
246 504 p4 12 14 15 14 10 12 12 14 14 14 12 14 13 13 9 12 15 13 11
246 505 p2 11 14 15 12 12 12 9 13 11 12 12 12 13
246 506 p5 12 14 11 12 15 13 13 13 15 12 9 13 10 13 12 14 10 13 14 12 14 13 10
247 507 p4 10 12 13 14 10 14 11 14 15 13 10 12 12 14 12
247 508 p3 11 12 10 14 12 14 11 14 10 13 13 14 9 12 12
248 509 p3 13 14 9 12 11 12 14 12 12 14 13 12 10 13 12 12 14 12 14
248 510 p3 13 13 14 13 14 12 12 13 12 13 14 12 12 14 11 12 10 14 13 12 10
249 511 p2 13 14 13 13 10 14 12 12 15 13 10 13 9 13 9 12 15
250 512 p2 14 12 15 13 11 12 12 12 9 14 15 13 13 12 11 13 11 14 12 13 14 14 9
251 513 p4 13 13 10 14 13 13 14 12 14 14 15 14 13 13 12 13 10 14 15 12 13 12 9
251 514 p4 14 14 9 12 10 12 10 13 10 12 15 14 15 14 10 13 12 12 9 12 11 13 12
251 515 p2 13 13 11 12 12 12 9 12 13 14 9 14 10 13 10 13 9 12 9 14 10
252 516 p5 9 14 9 13 11 12 11 14 12 13 11 12 13 12 15 14 15 13 10 13 11
252 517 p4 9 12 13 12 12 14 10 14 9 14 10 14 10
252 518 p1 10 13 14 12 10 12 13 13 15 12 14 14 10 13 13 12 15 14 15 13 13
253 519 p5 10 12 12 14 10 14 12 13 9 14 13 13 9 14 10 13 14
253 520 p1 10 13 11 14 14 14 14 14 12 12 15 12 10 14 10 13 11
253 521 p1 14 13 14 13 14 12 12 13 11 13 13 14 12 13 15 12 13 14 10 13 12 12 10
254 522 p3 12 14 15 14 10 13 11 14 15 13 10 12 13
255 523 p5 12 12 9 12 15 12 11 13 10 14 13 12 9 13 9 12 10
255 524 p2 12 14 10 13 13 13 14 12 11 13 11 14 15 14 13
256 525 p3 13 14 11 12 12 13 13 13 15 12 11 12 14 14 9
256 526 p1 12 13 11 14 10 13 11 13 13 14 14 12 9 14 9 12 14 14 14 13 10
257 527 p4 9 13 15 13 14 13 14 13 11 13 9 12 10 14 10 13 12 13 13 12 11 12 12
258 528 p2 11 12 11 14 9 13 13 14 11 12 11 14 15 13 12 13 11 12 14 12 11 13 13
258 529 p1 10 12 10 14 14 14 12 12 15 14 11 12 13 14 11 14 15 14 15 14 10
258 530 p3 11 12 14 12 14 13 12 12 15 13 12 12 13 12 12 12 10 13 10
259 531 p5 10 13 13 13 12 12 12 13 9 13 12 14 15 14 12 13 14
259 532 p5 10 13 11 14 10 12 9 12 15 14 10 13 14
259 533 p5 14 13 13 12 13 14 13 12 9 12 9 13 10 12 11
260 534 p5 15 12 14 12 15 12 10 14 15 13 12 12 12 13 15 14 15
261 535 p4 11 12 14 13 14 13 15 13 10 12 12 14 15 14 12 13 12 13 15 13 14
261 536 p3 10 12 9 13 15 14 9 13 12 14 13 14 14
262 537 p4 9 13 13 13 11 12 13 13 11 13 15 12 15 12 10 12 11 14 13 12 14 14 13
263 538 p5 14 12 10 12 14 13 12 12 13 13 12 12 14 12 11 13 10 12 11
264 539 p1 13 13 9 13 12 12 13 13 13 13 11 12 11 13 13 13 10
264 540 p4 9 14 9 12 10 12 11 14 13 13 9 14 14 12 14 14 15
265 541 p5 13 13 10 13 9 13 15 14 12 12 10 12 13 14 9 12 14 12 12 13 14
266 542 p4 9 14 14 12 13 12 14 14 11 13 11 12 11
267 543 p5 10 12 12 12 10 12 10 12 10 12 15 12 9
267 544 p1 14 12 13 12 12 14 12 14 10 12 9 13 13 13 11 14 12 13 11
268 545 p2 15 12 11 13 10 13 12 14 12 13 11 13 13
268 546 p1 15 12 12 12 11 12 15 12 11 13 13 12 12 12 14 13 11 12 9 12 10
268 547 p2 12 13 11 13 10 14 12 13 12 12 14 12 15 12 15
269 548 p1 12 12 9 14 10 12 10 12 15 14 13 14 9
269 549 p3 14 12 15 12 14 14 9 13 9 13 14 13 14 14 13 14 15 13 15 14 10
270 550 p1 15 12 15 13 9 12 9 14 15 13 11 13 13 14 15 13 13 14 10 13 10 13 10
271 551 p1 15 13 14 12 12 13 14 14 13 13 14 12 13
271 552 p4 10 13 9 14 9 14 15 14 11 13 9 14 13 12 10 12 11 14 10 13 15 12 10
272 553 p5 15 13 11 12 9 13 13 12 9 12 10 13 12 14 13 14 13 13 14
272 554 p2 11 13 11 14 14 13 13 13 12 12 14 12 10 12 14 14 10 14 9 12 15 13 10
272 555 p1 9 12 14 14 12 14 9 12 11 13 15 13 12 14 15 12 14 12 9 12 12
273 556 p1 9 12 13 12 14 13 10 14 13 12 10 13 13 14 15 12 14
273 557 p2 14 14 15 14 14 12 13 13 13 14 15 12 11 12 13 14 9 13 13
274 558 p1 10 12 13 14 13 12 10 14 9 14 13 13 11 12 15 14 11 14 9 12 11 14 12
274 559 p3 13 12 12 12 10 13 10 12 11 13 15 13 12 13 14 13 14 13 12 13 12
274 560 p4 10 13 14 14 9 12 13 14 15 13 9 13 9
275 561 p3 12 13 10 13 10 13 12 12 12 12 14 12 14 12 10 13 9 13 9
275 562 p4 14 14 14 13 13 12 10 14 9 12 9 14 10 14 9 13 11 13 12 12 13 13 14
276 563 p1 9 13 10 12 15 12 10 14 13 12 12 12 15 13 12 14 9 12 15
276 564 p5 13 14 11 12 12 12 15 12 11 12 12 12 15
277 565 p4 13 14 9 13 15 13 9 14 12 14 13 13 15 13 11
277 566 p3 14 14 13 13 12 13 10 12 9 14 9 12 15 13 11
278 567 p2 10 12 12 14 15 13 15 14 14 13 9 14 9
278 568 p3 11 13 12 14 9 14 10 13 9 12 13 12 14 12 9 14 14 14 13
278 569 p1 12 13 15 13 9 14 13 13 9 12 13 12 9 13 12 13 10 14 10
279 570 p5 14 12 12 14 14 14 10 14 11 14 14 14 14 12 11
279 571 p5 15 12 15 13 15 14 11 14 12 12 12 13 10 14 13
280 572 p4 9 12 11 13 10 14 15 12 13 14 9 14 14 13 13 13 10 14 13 13 14 12 9
280 573 p3 11 14 14 13 12 12 14 14 14 13 12 13 14 14 12 14 13 13 13 14 10
281 574 p3 15 13 12 14 10 12 15 14 11 12 13 12 13 14 11 13 11
281 575 p5 10 14 13 14 9 12 15 13 9 14 9 14 13 13 10 12 14 13 14 14 9
282 576 p3 13 12 9 13 14 12 11 13 10 13 12 14 15 13 14
283 577 p1 15 13 13 14 11 13 15 13 10 12 11 13 10
284 578 p2 14 13 13 14 9 12 10 12 12 14 15 13 10 12 14 12 15 13 15 12 13
284 579 p3 13 12 15 13 10 14 9 13 15 14 13 13 12
285 580 p5 9 13 15 12 15 14 13 14 14 14 9 12 13 13 12
285 581 p2 12 12 15 14 15 13 12 14 10 14 11 12 14 13 10 14 9
286 582 p4 14 13 11 12 12 13 12 12 11 14 11 14 13 12 10 14 9 14 15 12 13 14 9
286 583 p3 10 12 15 12 11 13 12 14 12 13 9 12 11 12 11 13 11
286 584 p4 15 13 14 12 12 13 12 14 14 14 11 14 13
287 585 p2 15 13 14 14 13 13 14 13 13 12 11 12 14
287 586 p2 15 14 15 12 9 14 10 13 11 12 11 13 15 13 12 12 15 14 9 13 14
288 587 p5 15 12 10 12 11 14 9 14 12 13 14 14 10 14 14 13 14 13 12 14 14
288 588 p2 13 14 15 14 9 13 12 12 11 14 12 12 14 14 14 13 15 13 10 13 11 13 13
288 589 p2 10 14 12 12 14 14 15 12 12 12 13 13 14 13 14 12 15 12 12 13 14
289 590 p3 12 14 13 13 10 14 15 14 15 14 13 13 9 13 14
289 591 p2 9 12 9 13 11 14 15 13 9 14 13 13 13 13 11
289 592 p4 9 14 13 14 14 13 11 12 11 13 11 12 9 14 11 13 9 13 9
290 593 p1 14 12 10 14 9 12 12 14 10 14 14 12 12 13 14
290 594 p2 13 12 13 12 9 14 11 13 12 13 9 13 15 12 10 12 15 13 11 14 10
291 595 p2 15 12 12 13 12 14 12 14 12 12 11 12 12 14 15 14 10 13 9 12 15 12 10
291 596 p4 14 14 10 12 14 14 14 14 15 14 9 13 11 14 14 12 14
291 597 p5 13 13 13 13 13 14 12 14 10 12 15 13 11 14 12 12 12 14 9 14 14 12 9
292 598 p3 14 14 9 14 9 12 12 12 11 13 10 12 14 14 11 13 14
293 599 p1 10 13 12 12 12 14 15 13 14 14 11 13 12 12 10 14 15
294 600 p5 13 14 13 13 15 13 12 13 12 14 12 12 14 13 10
294 601 p3 10 12 11 13 10 13 14 14 13 12 12 13 12 14 9 14 13 13 11 14 12
295 602 p1 13 13 11 14 14 14 9 12 11 14 13 14 13 14 15 13 9 13 11
295 603 p4 13 13 14 12 10 14 13 13 15 14 14 13 9 12 10 12 14 13 14
296 604 p4 12 13 12 12 11 14 14 12 11 13 13 14 14 13 14 12 11 13 12 14 9
297 605 p2 13 13 14 12 15 14 10 13 10 12 13 13 15 12 10 12 13 13 11 12 13 12 12
297 606 p5 10 12 10 13 9 13 9 12 12 12 12 13 11 14 11
298 607 p4 11 12 11 12 11 13 9 12 14 13 14 12 14
299 608 p3 14 12 15 12 12 12 11 14 12 13 11 14 15 13 11 13 11 14 13
300 609 p3 11 13 10 14 13 14 10 13 13 12 13 14 9
300 610 p3 13 13 14 13 15 14 13 14 9 12 12 13 13 14 14 13 11 12 10
301 611 p2 14 12 14 13 15 12 13 12 10 12 13 12 12 14 15 14 13 12 9
301 612 p2 12 12 12 13 15 12 15 12 12 13 11 13 10 12 14 13 12 13 14 13 11
302 613 p4 12 13 15 13 15 13 13 12 11 13 11 12 12 13 11
302 614 p4 9 12 15 13 13 14 11 12 9 14 12 13 13 12 15 12 15 13 11
302 615 p2 14 14 9 12 15 14 11 12 11 14 12 12 14 12 12 12 13 14 15 14 14
303 616 p5 10 14 12 14 11 13 12 13 10 14 11 13 9 13 10
303 617 p4 15 14 9 12 11 12 11 13 12 13 12 12 13 12 9 12 11 14 10 13 12
303 618 p1 13 14 15 14 15 12 12 12 13 12 10 13 9 12 11 14 10 14 12 12 13
304 619 p5 11 14 14 14 12 14 11 14 12 12 13 13 14 13 13 12 9 12 14
304 620 p1 9 13 14 14 15 12 12 13 12 14 14 14 13
305 621 p1 9 14 12 14 14 13 13 12 9 14 9 12 10 13 14
306 622 p3 12 13 9 14 14 13 12 14 14 12 9 14 10 13 13 14 10 14 9 13 13 14 11
306 623 p5 11 12 10 13 9 13 10 12 12 13 13 14 12 13 15 14 14 14 13 13 13 12 11
306 624 p2 13 13 13 13 15 12 11 14 11 14 9 14 13
307 625 p3 15 14 14 13 15 12 11 12 10 12 13 13 12 13 14
307 626 p1 12 13 13 12 11 14 12 13 9 14 9 14 15 13 9 14 13 13 14 14 10 12 9
308 627 p4 15 14 11 14 14 14 12 14 9 12 9 13 15
308 628 p2 14 13 12 14 9 13 13 13 12 14 12 13 14 13 13 13 10 14 13 13 11 13 14
309 629 p1 11 12 14 12 9 14 11 13 11 13 14 12 13 12 9 12 15 14 10
309 630 p3 11 12 11 14 10 14 12 13 14 12 10 14 14 12 10 13 9 12 15
309 631 p5 9 12 14 14 10 14 9 13 13 14 12 14 10 12 13 13 10 14 13 12 12 13 14
310 632 p5 10 13 15 12 15 13 14 14 10 12 14 12 14 14 14 12 13 14 14 13 14 14 10
310 633 p5 10 14 12 14 9 13 11 13 13 12 15 14 10 12 10 13 14 13 11
311 634 p5 9 12 9 13 12 13 12 12 11 12 12 12 11 14 11 13 9
311 635 p4 11 12 12 12 15 14 10 13 12 13 14 13 14 12 10
312 636 p3 12 14 13 13 10 14 9 14 10 14 15 12 13 14 12 13 9 12 10 13 14
312 637 p4 9 13 15 13 14 14 13 14 12 12 14 12 13 14 11 12 10 13 10 14 13 13 9
313 638 p5 14 13 10 14 15 12 11 13 10 13 13 12 12
314 639 p1 12 13 11 12 12 13 14 12 15 14 12 12 13 14 15 12 15 13 11 12 12 14 15
314 640 p4 11 13 9 13 13 13 14 13 11 14 10 14 15
314 641 p5 11 14 15 14 11 13 10 13 11 14 10 13 12 12 15 14 11
315 642 p4 10 14 10 13 11 13 11 13 10 14 9 12 13 14 10 12 10 14 15 12 13
315 643 p5 12 13 14 13 11 14 14 13 14 13 13 13 11 14 12 13 14 12 9 13 12
315 644 p1 12 14 13 12 14 13 13 13 12 12 9 12 15 12 10 13 9
316 645 p2 10 14 14 14 10 13 11 14 15 12 9 13 13
316 646 p1 9 12 13 14 9 13 14 14 11 12 10 13 12 14 13 12 10 14 10
316 647 p2 14 12 10 13 14 14 10 12 10 14 14 14 13 12 15 14 13 13 11
317 648 p1 11 12 15 14 13 14 12 13 10 13 10 13 15 13 10 14 15 14 11 14 13
317 649 p3 11 12 15 13 12 13 14 12 11 12 9 12 12 12 9 14 12 14 15
318 650 p1 14 12 14 13 13 13 12 12 9 12 14 14 12 13 15 14 12
318 651 p1 12 13 13 14 14 12 11 14 9 13 15 12 9 13 9 12 12 12 14
318 652 p4 9 14 15 12 9 12 9 13 14 12 14 13 15 13 13 13 14 13 10 13 10 13 13
319 653 p5 15 14 12 14 11 12 13 14 13 12 15 12 12 13 14 12 10 14 15 12 15
319 654 p2 9 12 9 14 9 13 11 14 14 12 15 13 10 14 12 14 15 12 14 12 10
319 655 p1 13 12 14 12 13 13 11 14 15 14 12 14 13 12 14 12 14 14 15
320 656 p1 11 14 9 14 9 14 14 13 10 14 9 12 12 12 15 13 10 12 10 12 9
321 657 p2 12 12 13 12 13 14 12 12 15 14 13 12 12 13 10
322 658 p1 10 12 15 13 14 12 13 12 14 12 15 12 11
323 659 p3 15 12 15 13 9 12 15 12 12 14 13 13 10
323 660 p4 14 12 15 13 15 12 11 13 12 14 11 14 10 13 15 14 13
324 661 p3 9 14 10 12 13 13 14 13 13 12 12 14 13 13 9 14 12 13 10
324 662 p4 15 13 12 14 12 12 10 14 11 14 10 12 10 13 11 12 15 13 12 13 10
324 663 p1 15 14 11 14 15 14 15 14 13 13 15 13 14 12 14 12 9 12 15
325 664 p5 12 12 13 12 11 12 15 14 12 14 15 13 13 12 14 13 15 13 9 13 14
326 665 p4 11 12 13 14 13 14 11 14 10 13 13 12 15 12 10 13 15 14 15 13 15
326 666 p3 14 13 12 14 13 13 10 13 12 12 13 12 12 12 10 13 11 13 10
327 667 p2 10 12 13 14 10 13 10 13 11 14 9 12 13 14 13 12 10
327 668 p3 14 14 10 12 11 14 14 12 11 12 14 12 9
328 669 p1 9 13 11 14 14 14 9 13 12 12 13 14 15 12 12 13 10 13 9 13 11 13 13
328 670 p5 13 14 10 12 12 14 13 12 14 13 12 13 13 14 12
328 671 p5 12 13 15 12 15 13 9 12 10 14 11 13 12
329 672 p4 12 14 14 12 13 12 12 12 12 14 10 12 10 12 13 12 9
329 673 p3 14 14 9 13 13 14 11 13 12 13 13 14 13
329 674 p3 9 12 12 12 9 14 12 12 11 13 12 12 9 13 9 12 14 12 10 12 10 13 12
330 675 p5 14 13 15 14 12 12 9 12 10 12 15 14 15 12 13 13 13 12 13 13 13
330 676 p3 9 13 15 13 12 14 10 14 15 13 10 14 11 12 11 13 11 13 13
331 677 p1 11 13 13 14 14 13 15 14 9 13 13 12 11 12 15 12 15
331 678 p2 14 14 9 14 15 12 14 12 15 13 10 13 13 14 12
332 679 p3 13 13 13 13 14 12 12 14 13 13 13 12 14 12 9 12 12
332 680 p5 15 14 14 12 9 14 15 12 9 13 15 12 12 14 13
332 681 p2 12 12 13 14 15 14 13 13 13 12 15 13 9 12 13 12 13
333 682 p4 12 13 15 12 13 14 15 12 14 14 15 13 11 12 9 14 12 12 11 14 13 13 12
333 683 p3 14 13 15 14 9 13 15 14 12 12 14 14 9 14 9 12 10
334 684 p4 10 12 15 13 11 13 15 14 13 12 15 12 13 14 15 13 13 12 9 13 13
334 685 p2 12 12 9 13 13 13 10 13 12 14 14 12 12 14 11 12 9 13 15 14 10 13 10
334 686 p2 15 14 12 14 14 12 9 12 13 12 11 13 10 12 10 14 11 12 10 13 15 14 12
335 687 p5 14 13 13 13 11 14 9 12 9 14 12 13 10
336 688 p2 9 13 9 14 12 14 15 14 11 12 9 12 14 13 9 12 15
337 689 p2 13 12 10 12 9 12 9 12 12 13 14 12 14 14 15 14 10 14 9
338 690 p3 13 13 11 12 13 12 11 13 13 14 11 12 15
338 691 p2 9 12 15 12 9 14 9 14 11 14 15 13 15 14 9
339 692 p4 14 13 10 14 11 13 15 14 12 14 10 12 10 14 12 14 11
340 693 p1 14 14 15 14 12 14 10 13 12 13 9 14 11 12 13
341 694 p2 13 14 15 14 12 13 14 14 13 12 14 14 11 13 10
341 695 p2 14 13 11 14 11 13 12 14 14 14 13 12 12 13 12
342 696 p4 14 12 10 13 15 14 9 12 11 13 15 12 11
343 697 p5 9 13 11 12 13 13 12 14 15 12 13 14 15 14 13 13 12 14 15
344 698 p3 10 13 15 14 9 13 13 12 11 12 13 14 15
345 699 p1 13 13 10 13 9 12 14 13 12 13 15 13 11 13 15 13 15 14 14 13 15
345 700 p5 11 14 9 13 15 14 13 14 14 13 9 13 15
346 701 p3 11 13 9 14 14 14 11 14 13 13 14 13 10 13 14
346 702 p1 10 12 9 14 14 14 11 13 13 12 15 13 10 12 11 13 15 12 11 13 15 14 10
346 703 p4 15 13 10 12 11 14 15 12 10 13 9 12 11 12 15 14 11 12 13 14 14
347 704 p4 15 14 13 13 9 12 12 12 11 12 12 13 11 14 9
347 705 p2 10 14 10 12 11 12 12 12 14 14 11 14 9 12 14 12 13
347 706 p5 10 14 9 14 12 12 9 13 11 13 13 13 15 14 11 14 14 12 12
348 707 p4 13 12 15 14 12 12 11 13 11 12 15 13 9 14 15 14 13 14 13 12 14 12 11
349 708 p3 13 14 15 12 12 14 10 13 12 12 15 14 9 12 15 14 13
350 709 p3 10 12 14 14 15 12 13 13 14 14 14 14 9 12 11 14 13 12 12 13 15 12 10
350 710 p3 14 12 13 13 9 12 10 14 11 12 15 12 9 14 9 13 11 14 9 14 14 12 14
351 711 p2 12 14 9 12 12 14 11 14 12 13 9 12 13 12 13 12 13
352 712 p2 12 14 13 13 13 14 11 13 13 13 11 12 12 12 13 12 11
352 713 p4 15 13 13 12 14 14 12 14 11 14 12 13 14 12 12 12 12 14 11 14 12
352 714 p4 13 12 14 13 10 13 14 12 15 12 15 14 12
353 715 p2 14 12 9 14 12 13 11 12 14 12 10 14 11 12 9 14 13 14 12 13 12 13 13
353 716 p5 9 14 10 12 13 12 14 14 10 14 9 13 15 13 11
354 717 p4 10 14 14 14 9 12 12 13 14 12 15 13 13
355 718 p1 12 14 15 12 13 12 15 13 9 12 11 14 9
355 719 p5 9 12 11 12 15 13 14 13 13 13 15 14 13
356 720 p1 15 14 11 14 12 12 15 14 13 12 14 13 15 12 9 14 14 12 12
356 721 p1 9 14 15 12 9 13 15 13 14 12 12 13 14 12 10 13 12
356 722 p3 14 13 15 14 15 12 11 14 14 13 9 14 13
357 723 p5 9 14 12 12 13 14 12 13 14 14 10 13 13 12 12
358 724 p2 10 12 13 12 14 12 15 13 13 14 14 14 9 14 13 12 13 12 13
359 725 p3 13 13 12 13 11 13 15 14 9 13 13 12 9
360 726 p1 14 13 12 14 10 12 14 14 15 12 9 13 15 13 12 12 10 14 12 14 11 13 11
360 727 p4 13 14 12 13 10 14 9 12 9 14 13 14 12 14 15 13 15 13 12
360 728 p2 10 14 13 14 13 12 13 13 11 13 9 13 15 12 12
361 729 p1 15 13 13 13 12 13 11 13 14 12 11 12 15 13 9 14 11 12 14
361 730 p3 11 14 9 12 10 13 11 12 11 14 12 12 10 14 13
362 731 p5 11 12 10 12 11 13 13 13 12 14 12 12 10 14 12 13 11 12 14 13 12 13 9
363 732 p5 11 13 10 12 14 12 10 12 12 13 14 14 10 14 13 12 12
363 733 p5 15 14 15 14 14 13 11 12 13 14 10 14 14
363 734 p5 9 12 9 12 15 12 11 13 11 13 13 14 9 12 9 13 12 12 14 13 9 14 12
364 735 p4 10 13 10 12 14 14 11 13 11 14 9 13 14 12 10 12 13 14 10 14 14 12 15
364 736 p3 14 14 14 12 15 12 14 14 15 14 12 13 13
364 737 p4 11 13 15 13 12 14 15 12 9 14 11 12 9 13 11 13 14 13 13
365 738 p5 12 13 13 14 13 14 10 14 12 14 12 14 15 12 9 14 11
366 739 p1 15 14 15 14 10 12 15 14 11 12 13 12 11 12 15 12 15 13 11
367 740 p4 11 13 15 12 15 14 11 12 15 14 10 14 14 12 14 12 10 13 13
368 741 p5 14 14 11 13 11 14 12 14 11 13 10 12 14 12 10 13 12 14 14
369 742 p4 12 13 9 12 10 13 9 13 15 13 10 12 14 12 10 12 15 13 14 13 14
369 743 p5 13 13 12 13 12 12 9 12 12 13 12 13 12 13 12
369 744 p1 10 12 14 13 15 14 10 14 10 13 15 12 10 12 13 14 15
370 745 p2 12 14 9 12 10 13 10 14 14 12 14 14 10 13 10 12 9 12 13 12 9 14 13
371 746 p1 13 14 13 12 13 12 10 13 15 14 13 13 11
371 747 p2 11 14 9 13 9 14 14 12 13 13 10 13 9
372 748 p1 14 13 14 13 10 13 11 13 13 14 13 12 11 13 13 12 14 13 9
372 749 p3 9 12 12 13 11 13 14 14 10 12 14 14 12 12 14 13 10
373 750 p1 14 13 9 13 10 13 12 13 10 14 15 14 15 13 11
373 751 p1 15 12 10 13 10 12 14 14 13 14 14 13 12
373 752 p4 9 12 14 12 11 14 14 13 10 13 9 12 10 13 10 14 9 12 9 13 10 14 9
374 753 p5 12 12 14 12 10 14 15 12 12 12 11 14 14 13 13
374 754 p2 10 12 12 13 10 14 14 13 12 14 15 14 11 14 13
375 755 p1 14 14 11 14 12 12 11 14 11 13 15 14 9
375 756 p1 15 12 11 13 15 14 9 13 12 12 10 13 15
376 757 p2 12 13 13 13 13 13 12 13 10 13 11 13 14 14 12 13 11
377 758 p1 12 13 11 13 9 14 9 13 14 12 12 14 11 14 9 13 9
377 759 p3 12 12 9 14 11 13 11 13 10 14 9 12 10
377 760 p4 9 13 12 14 11 13 15 14 14 13 10 12 14 12 15 14 9 13 12
378 761 p3 14 14 15 13 11 14 15 13 12 13 13 12 15 12 10 14 12 13 14 12 9 14 11
379 762 p4 14 13 11 12 12 14 14 14 13 14 12 12 15 14 11 14 11
379 763 p1 14 12 12 12 10 12 11 12 10 14 13 14 14 14 13 12 14
380 764 p5 12 14 11 13 13 13 9 13 13 14 13 13 12 13 14
380 765 p4 10 12 11 14 12 13 11 13 12 13 15 12 15 13 13 12 12 12 13
380 766 p3 13 12 11 14 9 14 14 14 9 12 12 12 12 13 11 14 15
381 767 p2 14 12 9 14 15 13 14 12 15 13 15 12 14 13 10 12 11 13 11 12 13
381 768 p3 13 13 12 13 10 14 13 12 12 13 14 14 11 13 14 14 12 14 9
381 769 p1 11 14 14 13 12 13 13 12 9 13 11 12 14 13 13 12 10 13 13 13 12 14 9
382 770 p5 9 12 10 14 11 12 12 14 14 14 10 14 14 12 10 13 15 14 15 12 12
382 771 p5 9 14 9 13 9 12 13 12 13 14 13 14 10 13 13 14 10
382 772 p4 13 14 13 12 11 13 12 12 13 13 15 12 13 13 15
383 773 p3 12 14 9 12 13 12 10 12 12 13 10 14 14 13 9
384 774 p3 13 12 12 14 11 13 9 12 14 12 11 14 15 14 13 13 9 13 10 12 10
385 775 p5 10 14 9 12 14 13 12 14 14 14 11 12 15 12 11 12 15 14 10 12 11
386 776 p3 13 14 11 13 15 13 12 13 11 12 9 14 10 12 9 12 15
386 777 p1 12 12 11 14 10 12 10 14 12 14 12 13 9
386 778 p2 15 14 15 13 15 14 10 12 9 12 14 12 9 13 10 12 14 14 14 12 10 12 15
387 779 p3 9 12 13 14 15 14 11 14 14 14 10 12 12 12 12 12 14 12 14 14 15
387 780 p5 11 12 10 13 14 14 11 14 12 14 13 14 10 13 13
387 781 p2 14 12 15 12 11 12 12 12 9 13 13 13 15
388 782 p4 10 13 15 12 12 13 15 13 9 13 14 13 15 13 9 14 10 14 13 14 9
388 783 p3 15 13 14 12 11 12 9 12 9 14 12 13 12 13 10 14 10 13 10
388 784 p4 12 13 11 14 13 14 9 12 10 13 14 13 9 13 13 13 12 12 9
389 785 p2 15 13 13 12 13 14 15 13 10 12 11 13 9 12 9 13 13
389 786 p2 10 14 12 12 14 12 9 12 10 14 10 12 12 12 9 12 10 12 12 13 9 13 11
389 787 p5 9 12 11 14 13 13 15 13 12 12 11 13 10 13 10 14 14 13 15 14 13 13 12
390 788 p2 11 14 10 12 12 13 13 12 12 12 14 13 11
390 789 p2 11 12 13 12 13 14 12 12 10 13 10 12 15
390 790 p3 12 12 11 13 12 13 15 13 14 12 12 14 14
391 791 p2 12 14 12 14 9 12 15 13 13 14 10 12 14 13 11 12 9 13 15 12 14 12 13
391 792 p4 14 14 15 13 14 14 15 12 15 13 14 13 11 14 12 14 15 12 10
392 793 p1 12 14 10 13 15 13 13 12 9 14 11 12 10
393 794 p2 10 13 12 13 9 14 13 13 10 13 12 14 14 13 11 12 15 12 13
393 795 p2 15 14 9 14 9 13 14 14 9 14 13 14 10 12 10 13 15
394 796 p4 11 12 15 13 10 13 13 12 9 14 10 13 15
394 797 p5 12 14 13 12 14 12 10 12 11 12 13 14 13 12 15 12 13
394 798 p3 13 12 9 12 9 14 13 13 10 13 9 14 11 14 13 14 11 14 13 14 13 14 12
395 799 p1 13 12 13 14 11 14 13 13 9 14 9 14 14 12 15 13 9
395 800 p5 10 13 13 13 9 12 14 13 11 14 9 14 9
396 801 p3 13 12 12 12 14 14 12 12 9 14 15 14 15 13 12 13 9 12 10 13 12
396 802 p1 9 12 10 13 9 12 14 14 15 12 9 13 11
397 803 p4 11 14 9 14 11 12 10 14 9 13 15 13 15 12 10 12 13
397 804 p4 13 12 15 13 13 14 15 12 10 12 11 13 10 12 11 14 10 13 15 12 12 12 15
398 805 p2 9 14 11 14 15 12 14 14 9 14 12 13 14 12 11 13 11 13 10 14 13 13 11
399 806 p5 10 13 12 12 14 14 15 14 13 13 14 12 15
399 807 p4 14 14 12 12 9 13 13 12 15 14 12 14 15
400 808 p3 13 12 10 14 11 13 14 13 13 14 10 14 11 12 12 13 13
401 809 p3 10 14 12 13 13 14 15 13 9 13 10 14 11 13 14
401 810 p3 12 13 9 12 9 13 10 14 13 13 15 13 15
401 811 p2 12 12 13 13 10 13 14 12 13 14 15 13 13 12 12 13 15 12 12
402 812 p2 12 12 14 12 11 14 13 13 15 13 15 13 12 14 12 14 12 14 15 13 13 12 15
402 813 p4 13 14 10 13 15 14 10 12 13 14 11 13 9 14 12 13 10 12 14 14 14
402 814 p4 15 13 14 12 15 14 10 14 15 14 13 13 14 14 15
403 815 p2 11 13 13 14 15 13 9 14 14 14 12 14 11
403 816 p5 9 13 9 14 11 12 9 13 12 12 11 13 10 13 10 14 14 14 9 13 13 12 11
403 817 p4 9 12 10 12 10 13 11 12 9 14 9 12 9
404 818 p1 10 13 11 14 12 12 10 12 11 14 12 13 13
404 819 p5 13 13 12 13 12 14 12 13 12 13 10 14 14 12 15 14 15
404 820 p1 15 12 13 13 12 12 9 12 10 12 11 13 13 12 12 13 9 12 10 12 9 12 10
405 821 p1 11 12 10 14 11 12 9 13 15 13 9 12 12 12 14
405 822 p3 12 13 12 14 10 12 10 13 10 14 9 12 11 14 9 14 11
405 823 p5 15 12 13 14 12 12 12 12 12 12 10 14 14 13 9 13 13 12 11 13 11
406 824 p2 12 14 10 12 15 14 13 12 9 13 12 12 11
406 825 p3 15 12 12 12 9 14 13 12 15 14 12 13 15
407 826 p1 10 13 14 12 9 14 14 14 13 13 15 12 12 14 15 13 9 14 12
408 827 p4 10 14 14 12 9 14 15 12 13 12 15 14 11 14 10
408 828 p2 14 13 9 14 14 14 12 13 9 12 13 14 10 13 12 12 13 12 15 14 12
408 829 p1 9 12 13 13 14 13 13 12 11 14 10 14 14 12 13 12 11
409 830 p3 12 14 9 13 12 13 15 12 9 12 12 13 12 12 12 12 9 13 10
409 831 p5 13 14 10 12 13 14 11 14 11 14 15 14 10 14 11 14 12 14 11 13 10
409 832 p5 9 12 12 13 15 12 10 13 9 13 12 13 14 13 15 14 9 14 10
410 833 p5 11 12 9 12 13 13 12 12 15 12 13 14 15 12 10 14 12 12 10
410 834 p5 11 12 12 13 14 13 9 13 13 12 12 14 14 12 15 12 13 14 12
410 835 p4 15 12 11 13 13 13 13 14 10 13 10 12 13 12 11 12 15
411 836 p3 11 12 15 14 14 14 14 12 12 13 14 12 9 14 9 14 13 14 13 12 12 13 12
412 837 p4 13 12 9 14 13 14 15 14 10 14 11 14 13 12 9
412 838 p5 11 14 12 14 11 14 15 13 13 14 13 13 13 12 9 13 15 12 12 13 10 12 9
412 839 p1 13 13 11 12 11 14 13 14 11 12 9 12 10
413 840 p4 12 12 15 14 12 13 13 12 13 12 15 12 14 14 11 14 14
413 841 p5 14 12 10 14 14 14 10 14 15 12 14 13 13 14 10
414 842 p4 14 12 15 12 13 13 11 14 10 14 13 14 9 12 14 12 11 14 13 13 14 12 10
414 843 p5 12 14 15 13 12 13 10 12 9 12 15 12 10 12 9 12 9
415 844 p1 12 13 15 12 14 14 10 13 13 14 11 13 11 14 14 14 9 13 14
415 845 p2 9 14 9 13 12 12 15 13 12 13 11 13 11 13 10
416 846 p1 13 14 10 14 14 13 9 14 10 13 12 13 11
416 847 p2 14 12 11 14 12 13 10 14 11 14 10 12 12 14 15 13 12
416 848 p1 13 12 13 13 14 12 11 13 10 14 14 13 12 14 12 14 11 14 13
417 849 p3 14 12 15 12 15 13 11 12 12 14 12 13 13 14 15 12 12 12 11
418 850 p1 12 14 13 12 14 12 15 13 13 12 13 13 10
419 851 p1 10 12 11 14 10 13 15 13 11 13 13 14 9 14 15 13 14 12 13 13 12 14 9
419 852 p4 10 12 14 12 9 12 15 13 10 12 14 12 11 14 11 12 12
419 853 p5 12 13 15 12 10 13 11 12 13 14 9 12 9 12 11 12 11 14 14 12 13 13 12
420 854 p2 12 13 9 14 11 13 11 12 12 12 9 12 9 13 9 14 9 14 9
420 855 p1 15 14 14 13 13 13 9 12 15 12 13 13 10 12 9 13 9 12 13
421 856 p1 14 14 12 12 10 14 14 13 15 14 10 14 15 14 10 14 9 14 12 14 11
421 857 p2 14 14 15 13 15 13 13 14 13 12 12 13 12 12 14 14 9 13 13 13 13 12 11
421 858 p1 15 12 10 13 15 12 10 12 13 12 12 13 10
422 859 p3 10 13 12 14 13 12 9 12 12 13 15 13 10 13 10 12 11
423 860 p4 12 14 14 13 12 13 11 12 13 13 11 12 10 13 15 14 14
424 861 p3 12 13 9 12 13 13 11 14 11 12 12 13 10 12 15
424 862 p4 14 13 15 13 12 13 10 13 11 14 9 12 14 13 13 13 9
425 863 p1 14 13 11 12 12 14 13 14 12 14 14 13 15 14 12 12 14 14 11 14 9
425 864 p5 11 12 12 12 14 14 13 14 13 14 10 13 10 13 12 14 11
425 865 p4 13 13 12 12 10 13 15 14 12 12 9 12 12 14 9
426 866 p3 12 12 10 12 14 13 14 14 14 14 9 13 10 13 14 14 15 12 15 13 12
426 867 p2 11 12 13 13 10 13 11 13 9 13 9 13 14 12 10 14 12
426 868 p3 9 12 12 13 12 12 14 14 11 12 15 14 11 13 13 14 12 13 10 13 11 14 10
427 869 p1 10 13 10 13 14 13 10 14 11 13 14 12 14
427 870 p5 14 14 11 12 14 13 11 12 11 12 15 14 11 14 11 13 10 13 12 13 13 14 13
428 871 p5 15 14 10 12 10 13 11 14 15 13 10 12 9 14 9 14 11 13 15
428 872 p4 10 14 14 12 10 14 10 12 10 14 12 12 14 12 12 13 15
428 873 p3 11 13 9 13 14 13 11 12 13 12 12 12 11 13 11 12 11
429 874 p3 9 13 14 12 9 14 13 12 13 13 13 14 9 14 10 14 11 12 14
429 875 p5 14 12 12 14 9 14 10 14 11 12 9 14 12
429 876 p3 12 13 14 14 12 12 13 13 13 14 11 12 10 13 14 14 15 12 11 14 11 14 14
430 877 p1 13 14 10 14 15 13 11 13 11 14 10 13 13 14 12
431 878 p2 15 14 11 14 9 13 9 13 14 14 14 14 14 13 10 14 13 13 9 12 13 14 13
431 879 p3 14 13 13 14 14 14 11 14 9 12 14 14 10 13 14 14 15
431 880 p5 12 12 9 14 11 12 15 12 9 13 12 14 10 13 11 13 12 14 10
432 881 p2 9 14 10 14 11 13 10 12 10 13 9 13 11 13 13 13 13 12 14
432 882 p4 9 12 10 13 9 14 13 13 9 13 11 13 10 13 9 14 11 13 12 12 9 12 13
433 883 p3 13 12 9 14 9 12 11 14 9 13 14 14 14 12 14 13 14 13 10 12 14
433 884 p4 12 12 12 12 12 13 9 14 13 12 13 14 11 12 9 13 15
433 885 p2 11 12 11 12 9 14 9 13 14 13 14 14 14 13 15
434 886 p2 13 14 11 14 14 12 15 14 15 12 12 12 15 14 12 12 12
434 887 p5 12 14 14 12 10 13 15 14 15 12 15 13 15 13 14
435 888 p2 12 12 12 13 9 13 11 12 12 14 9 12 14 14 14 14 11
435 889 p2 15 13 9 12 12 14 14 13 10 14 14 12 10
436 890 p3 14 12 10 12 13 13 15 12 10 14 11 12 11 12 12
437 891 p2 14 12 14 12 13 12 12 12 15 12 15 13 14 12 15
438 892 p4 13 12 11 13 14 13 9 14 9 13 9 13 13 14 9 14 9
438 893 p1 12 13 13 14 15 12 13 14 15 12 15 13 14 13 9 12 13 14 11 13 15
439 894 p2 10 14 12 13 11 13 12 14 11 12 13 14 15 13 13 13 11 12 14
439 895 p2 13 13 12 13 13 14 9 12 10 14 10 13 11 13 14 13 10 13 13 12 14
439 896 p4 14 12 9 14 11 13 9 14 15 14 10 14 10 14 14 12 15
440 897 p5 13 12 14 14 15 12 14 12 11 12 12 12 12 14 14 13 9 13 11 13 11
440 898 p3 13 13 9 14 11 14 9 12 15 13 14 14 9 14 15
440 899 p1 11 12 9 13 11 12 15 12 12 14 9 14 11 14 15 12 13
441 900 p5 15 14 13 12 9 13 11 12 14 14 14 12 13 14 10 14 12
442 901 p3 13 13 10 12 13 14 12 14 11 12 13 13 15 13 10
442 902 p1 9 13 15 13 10 14 13 14 11 13 12 12 10
442 903 p4 10 13 10 14 11 12 9 12 15 14 11 12 11
443 904 p4 14 14 12 13 11 14 11 13 14 12 11 12 13
443 905 p2 9 12 15 12 14 12 15 12 9 14 15 13 14 14 13 13 10 13 9 12 9 14 11
443 906 p5 12 14 15 12 10 13 9 14 11 12 13 12 10 12 11 14 12 14 10
444 907 p4 9 13 12 14 14 13 9 14 13 13 10 12 15 13 12 14 10 13 13 13 10
444 908 p3 15 12 14 13 11 14 9 14 15 12 13 14 12 14 14 14 11 14 13
444 909 p3 13 12 11 13 11 13 15 14 13 13 13 14 10 12 12 13 13 12 14
445 910 p3 12 13 9 14 15 14 9 14 12 12 15 13 11 13 12 12 12 14 9 12 12 12 11
445 911 p2 11 12 13 12 12 13 14 12 10 12 11 13 14 14 11 13 12 14 15 13 10
445 912 p2 13 12 9 13 10 13 9 14 9 13 15 13 10
446 913 p4 14 13 12 12 12 14 11 12 14 13 12 14 15 14 11 14 9 13 13
447 914 p4 13 12 12 13 12 12 14 14 13 12 13 12 11 13 14 14 13 12 12 13 14
447 915 p2 9 13 10 13 14 14 11 14 11 13 9 12 14 14 11 14 11
448 916 p5 12 13 11 13 14 13 14 12 11 14 13 13 12 13 15 13 14 12 13 13 12 14 15
448 917 p4 10 12 9 14 13 12 15 12 13 14 10 12 11 13 11 13 9
448 918 p1 9 12 15 12 12 13 11 14 13 13 11 12 13 14 11
449 919 p5 12 13 9 12 15 12 9 12 12 14 9 12 15 14 9 13 10 12 12 14 11 12 13
449 920 p1 14 14 13 14 14 12 12 14 11 13 11 13 13 13 14 13 9
449 921 p1 11 13 9 12 14 14 11 14 11 12 10 13 11 12 11 14 14 13 11 12 9 13 15
450 922 p3 13 13 9 14 12 12 15 13 13 13 11 12 14 13 9 13 9
450 923 p5 9 12 13 12 11 14 11 14 12 12 10 14 11 12 14 13 10 13 15 14 11
451 924 p2 12 12 10 12 9 12 11 14 14 14 12 14 12 12 9
451 925 p3 10 13 10 14 10 14 10 13 13 12 9 12 10 12 11 12 15
451 926 p1 15 12 13 12 13 12 13 12 14 12 15 13 11 14 11 12 11 14 11
452 927 p4 12 13 10 13 12 14 13 13 11 13 14 12 10 13 11 14 11 13 11
453 928 p2 15 14 10 13 11 13 13 13 14 12 13 13 13 12 15
454 929 p1 14 12 10 12 10 12 9 14 13 13 15 13 10 12 13 12 15 13 10 13 10 13 10
454 930 p3 10 13 10 14 14 13 15 14 15 12 10 12 12 12 12 13 11
455 931 p5 11 14 15 14 11 12 10 12 9 12 9 12 12 12 11 12 14 12 10 12 10
455 932 p5 11 12 11 14 9 13 14 14 14 12 15 14 13 13 11 14 13 14 9 12 11
455 933 p5 9 14 10 14 15 12 14 12 12 13 9 14 11 13 10 12 13 14 12 13 11 13 11
456 934 p5 9 13 13 12 13 12 9 14 12 12 12 12 14
456 935 p4 15 13 14 14 10 12 11 13 11 13 9 12 10 14 9 12 13
456 936 p3 9 14 10 13 9 14 11 14 12 13 15 12 11 13 15 14 11 12 10
457 937 p4 14 12 10 12 12 12 11 14 14 14 10 14 13 13 10
458 938 p5 9 14 13 14 12 12 10 14 13 13 14 13 15 14 15
459 939 p1 11 14 9 13 14 12 10 12 13 12 11 14 10 14 9
460 940 p4 9 12 9 13 10 12 10 13 9 14 14 13 12 14 11 14 12 13 13 12 11 14 9
461 941 p5 10 14 10 14 12 14 15 13 13 12 12 13 15 14 11 12 12
461 942 p4 15 12 12 14 15 13 13 14 10 14 12 14 11 12 10 12 15 12 14 12 13 14 12
462 943 p5 10 12 14 12 14 14 12 12 13 12 12 13 14 13 10 12 9 12 11 13 10 13 9
462 944 p1 10 13 14 12 9 13 15 13 14 12 15 12 11 12 15 12 14 14 15 13 12 12 11
463 945 p2 15 12 10 13 15 14 13 14 9 12 15 14 11 13 13 12 11 13 14 13 11
464 946 p1 14 13 15 12 9 13 10 13 15 12 13 13 11 12 12 14 11 13 9 14 10
465 947 p2 12 13 15 14 11 12 14 13 13 14 15 12 14 13 13 13 10 13 15
465 948 p1 9 12 13 14 11 12 14 13 12 13 10 12 10 14 10 13 13
465 949 p3 12 13 13 12 15 12 15 13 14 12 11 12 13
466 950 p1 13 14 14 12 15 12 13 14 15 13 10 12 12 13 11 13 15
467 951 p1 13 13 9 14 15 14 13 13 12 14 10 14 9 13 13 12 13
467 952 p4 9 14 13 13 12 13 15 12 15 14 12 13 15 14 12 13 13 13 11 13 14 13 10
467 953 p5 14 12 9 12 15 13 15 13 12 14 10 12 10 14 9 14 14 14 14
468 954 p2 9 12 13 14 9 14 11 14 10 13 14 12 14 12 12 12 14 13 13 13 15 14 13
469 955 p1 10 12 12 13 11 13 12 12 12 14 14 14 12 14 14 12 9 12 14 14 12 13 11
469 956 p1 11 12 15 14 14 13 9 12 14 12 9 14 13 12 10 12 9 12 14
469 957 p2 15 14 10 12 11 14 11 13 11 14 10 14 10
470 958 p1 15 12 14 13 9 13 15 12 10 12 10 13 12 13 12 14 11 14 14 14 11
470 959 p3 10 14 10 13 13 12 10 14 9 12 12 12 15 13 10 13 10 13 11
470 960 p4 12 13 11 12 9 13 12 12 13 12 15 14 13 13 13
471 961 p3 11 12 15 13 15 13 13 14 13 13 13 14 13 14 15 13 10
472 962 p4 10 12 14 14 10 14 10 14 14 13 15 12 14 12 10 14 11 14 9
473 963 p1 14 12 11 14 12 12 14 14 13 14 9 12 14
474 964 p5 11 13 11 12 9 14 11 14 9 12 12 13 15 13 11 12 10 14 13 14 9
475 965 p4 11 12 14 14 15 13 9 14 11 12 12 13 15 14 12
476 966 p3 13 14 13 13 14 13 14 14 10 14 12 14 9 14 10 13 11
477 967 p2 13 14 14 12 13 12 10 12 10 13 14 14 15 14 14 12 11 13 11 12 14
477 968 p3 14 14 10 14 12 13 9 12 12 14 11 13 10 13 14 12 15 12 12 13 10
477 969 p1 15 13 9 13 9 14 11 14 9 13 14 13 12 13 14 13 11 12 14
478 970 p5 14 14 10 12 15 13 10 14 14 12 11 13 9 14 14 12 15 12 13 13 14
479 971 p5 13 12 11 14 15 12 12 13 11 13 11 13 13 14 14 14 14
480 972 p4 13 13 10 12 10 14 15 14 14 14 15 14 9 13 12 13 11 12 12 13 10
481 973 p3 13 13 15 14 9 12 15 12 9 14 11 12 13 14 14 12 14 14 13 14 13 13 13
482 974 p3 11 12 12 13 11 12 14 13 13 13 11 13 9 12 9 14 13
482 975 p5 14 13 11 12 12 12 13 13 15 14 12 12 14 12 10 14 12
483 976 p3 11 12 12 14 11 13 15 14 12 12 14 12 10 14 12
484 977 p1 15 13 10 14 9 14 11 13 11 12 11 12 13 14 9
485 978 p2 12 13 13 12 14 14 13 13 15 14 15 13 13 13 13 12 13 12 9 13 13
485 979 p3 13 13 12 13 15 12 10 13 15 12 9 12 12 12 13 12 15 14 10
486 980 p5 10 13 13 12 9 13 13 12 9 13 13 12 10 14 15 13 9 14 10 14 9 12 13
487 981 p2 15 12 13 13 13 12 14 12 12 14 9 13 14 12 15 14 10
487 982 p4 12 13 13 12 14 14 13 12 14 12 9 12 9 13 13 13 11 13 14 14 10
487 983 p3 9 13 10 12 14 14 9 14 9 13 9 14 12 13 12 12 10 14 9 13 11
488 984 p4 14 12 15 12 11 14 15 13 9 14 10 12 13 13 15 13 13 13 11 14 15
488 985 p2 13 14 14 13 14 13 9 12 11 13 14 13 14
489 986 p2 15 14 9 13 12 13 13 14 11 14 12 14 15 13 13 12 13 14 15 12 11
489 987 p5 13 12 9 12 11 14 13 13 9 12 15 12 14
489 988 p2 15 13 9 12 12 14 15 14 9 14 14 12 12 14 15 13 12 14 12 14 13 14 10
490 989 p2 12 13 13 12 13 13 10 12 11 13 11 13 14 14 13 14 14 12 13
490 990 p3 10 13 11 14 13 12 13 14 11 14 14 13 15 14 13
490 991 p2 15 14 14 12 9 14 11 13 15 14 11 12 11 13 12
491 992 p4 9 13 9 12 11 12 14 12 9 14 14 14 10 14 9 12 15
492 993 p1 9 14 12 12 11 14 11 12 14 14 14 12 9 14 11 12 13 14 12 14 15 12 10
492 994 p2 15 13 15 14 9 14 9 14 12 12 14 12 14 12 10 14 11 13 11
492 995 p2 15 12 9 13 11 12 9 14 13 14 10 13 14 13 13 14 14
493 996 p4 10 14 15 12 9 12 9 12 9 14 10 12 14 13 14 13 14 12 15 12 11
493 997 p5 13 12 9 13 9 12 14 14 9 13 12 12 9 13 12 12 12 13 14 14 10 12 13
493 998 p3 15 12 12 13 15 12 9 13 14 12 12 14 9 12 11 13 13 14 9
494 999 p1 15 12 13 12 11 14 11 14 13 12 9 13 12 14 14 14 13 13 13